"allS";"sdAllS";"allI";"sdAllI";"allR";"sdAllR"
"1";100;0;0;0;0;0
"2";100;0;0;0;0;0
"3";98.3333333333333;0;1.66666666666667;0;0;0
"4";96.6666666666667;3.03488489333442;3.33333333333333;3.03488489333442;0;0
"5";90;7.44570993869813;10;7.17166288513422;0;0.512989176042577
"6";78.3333333333333;13.0504531524917;20;12.1548849468095;0;1.25656172487509
"7";63.3333333333333;20.1609024675011;35;18.9728954098714;1.66666666666667;2.38170414197126
"8";46.6666666666667;24.4786277469606;46.6666666666667;21.5611465589303;5;4.2397106267799
"9";35;23.7364920034865;55;20.3570109479963;8.33333333333333;5.88572959500325
"10";25;20.2621705539055;63.3333333333333;16.4592354849348;11.6666666666667;6.61382567493879
"11";20;18.5393133732314;61.6666666666667;15.0464679852253;16.6666666666667;8.43620712425168
"12";16.6666666666667;15.7583636013329;61.6666666666667;12.4072582982516;21.6666666666667;9.42653961551146
"13";15;12.5259963593848;58.3333333333333;10.3006699379016;25;10.0797260475165
"14";13.3333333333333;10.0379397247707;56.6666666666667;8.5818215326767;30;10.4640151966197
"15";11.6666666666667;8.30521572189034;53.3333333333333;7.7440790436254;35;9.873468494757
"16";10;7.80800309174515;48.3333333333333;7.17930342448477;40;9.06885615978022
"17";10;6.95589698917232;46.6666666666667;7.1430659952758;43.3333333333333;9.29495555828049
"18";10;6.24253940681307;43.3333333333333;7.34488722997519;46.6666666666667;9.43235380197403
"19";8.33333333333333;5.62991176065385;40;7.12051644095882;51.6666666666667;9.01590537370498
"20";8.33333333333333;5.10918791684066;36.6666666666667;6.85906579832349;53.3333333333333;8.79385418033693
"21";8.33333333333333;4.94043467084042;35;6.71637172309626;56.6666666666667;8.2469203892382
"22";8.33333333333333;4.27148850344792;33.3333333333333;7.19608405530356;58.3333333333333;8.78761755097604
"23";6.66666666666667;4.02840789586142;30;7.29695923211085;61.6666666666667;8.82911186780805
"24";6.66666666666667;3.95423379585486;26.6666666666667;7.08088192874933;65;8.75093979915421
"25";6.66666666666667;3.95423379585486;26.6666666666667;7.36476517493065;66.6666666666667;8.84358888277182
"26";6.66666666666667;3.91428632408266;23.3333333333333;7.9490335577933;68.3333333333333;9.11428414295914
"27";6.66666666666667;4.00566119853226;23.3333333333333;7.88068925652412;70;9.0849628346847
"28";6.66666666666667;3.89556653087728;21.6666666666667;7.51752338837312;71.6666666666667;8.54768187856076
"29";6.66666666666667;3.84171471218577;20;7.57950067018644;73.3333333333333;8.50524434020268
"30";6.66666666666667;3.74634324632678;18.3333333333333;7.57950067018644;75;8.40278079841423
"31";6.66666666666667;3.70316760252593;16.6666666666667;6.75598067298902;76.6666666666667;7.34289647584458
"32";6.66666666666667;3.89462817929655;15;7.35284485661027;78.3333333333333;7.4980504288727
"33";6.66666666666667;3.89462817929655;13.3333333333333;6.78567031599877;78.3333333333333;6.87396988561225
"34";6.66666666666667;3.8720395218127;13.3333333333333;6.54438288675266;80;6.75598067298902
"35";6.66666666666667;3.76192062431223;13.3333333333333;6.47701739892405;80;6.51752024741301
"36";6.66666666666667;3.80346871539728;11.6666666666667;6.58891058446375;81.6666666666667;6.52256541930572
"37";6.66666666666667;3.80346871539728;11.6666666666667;6.52200503737941;81.6666666666667;6.18666742286747
"38";6.66666666666667;3.88052567729731;10;5.83896970804456;83.3333333333333;5.72518801243922
"39";6.66666666666667;3.88052567729731;10;5.98426298793527;83.3333333333333;5.88572959500325
"40";6.66666666666667;3.88052567729731;8.33333333333333;5.61626189389515;85;5.64223318568432
"41";5;3.84171471218577;8.33333333333333;5.39316765082836;85;5.47455571109822
"42";5;3.84171471218577;6.66666666666667;4.6350747705571;86.6666666666667;4.77260702109212
"43";5;3.84171471218577;6.66666666666667;4.42613186369925;86.6666666666667;4.6350747705571
"44";5;3.91428632408266;6.66666666666667;4.59149990145151;86.6666666666667;4.67980606385795
"45";5;3.91428632408266;6.66666666666667;4.30897336519829;88.3333333333333;4.18504717811412
"46";5;3.91428632408266;5;3.89462817929655;88.3333333333333;3.94683232227022
"47";5;3.91428632408266;5;3.6863506733014;88.3333333333333;3.91708657696789
"48";5;3.91428632408266;5;3.31574306103227;88.3333333333333;3.76968517462526
"49";5;3.91428632408266;5;2.98509944783257;90;3.80346871539728
"50";5;4.01426954426445;3.33333333333333;2.68257922884644;90;3.79159838637833
"51";5;3.73772500798201;5;2.50815662852275;90;3.71580267808769
"52";5;3.73772500798201;3.33333333333333;2.08088090948933;90;3.25583939961394
"53";5;3.73772500798201;3.33333333333333;2.20479275922049;90;3.18608596727233
"54";5;3.65148371670111;3.33333333333333;2.26691175145591;91.6666666666667;3.48940194387605
"55";5;3.78166323209468;3.33333333333333;1.66208160525146;91.6666666666667;3.26860225230307
"56";5;3.78166323209468;3.33333333333333;1.83241735359425;91.6666666666667;3.48772485500572
"57";5;3.79777262656375;3.33333333333333;1.4978617237882;90;3.36523198677095
"58";5;3.79777262656375;3.33333333333333;1.27991274631384;91.6666666666667;3.52544677009524
"59";5;3.79777262656375;1.66666666666667;1.29375004301031;91.6666666666667;3.68835852432876
"60";5;3.9648073054938;3.33333333333333;1.11426320570254;91.6666666666667;3.74929847534696
"61";5;3.9648073054938;3.33333333333333;1.32954005869578;91.6666666666667;3.4906078889419
"62";5;3.23334895341432;3.33333333333333;0.870388279778489;91.6666666666667;3.18614424524615
"63";5;3.23334895341432;1.66666666666667;1.12366643743874;91.6666666666667;3.23334895341432
"64";5;3.16227766016838;1.66666666666667;0.86066296582387;93.3333333333333;3.04290309725092
"65";5;3.16227766016838;1.66666666666667;1.22977464562104;93.3333333333333;3.14760343871451
"66";3.33333333333333;2.66331634776156;1.66666666666667;1.06811657410276;93.3333333333333;2.81718084909506
"67";3.33333333333333;2.62265264156481;1.66666666666667;1.15010926557059;93.3333333333333;3.29341173353118
"68";3.33333333333333;2.72165526975909;1.66666666666667;0.86066296582387;93.3333333333333;3.10316445417088
"69";3.33333333333333;2.72165526975909;1.66666666666667;1.25462108784847;93.3333333333333;3.45607355888795
"70";5;2.78886675511359;1.66666666666667;0.74535599249993;93.3333333333333;3.20589734361189
"71";5;2.78886675511359;1.66666666666667;0.74535599249993;93.3333333333333;3.20589734361189
"72";5;2.78886675511359;1.66666666666667;1.17851130197758;93.3333333333333;3.24893144826965
"73";3.33333333333333;3.19142369252113;1.66666666666667;1.36082763487954;93.3333333333333;3.46944333244355
"74";3.33333333333333;3.33333333333333;1.66666666666667;0.962250448649376;93.3333333333333;4.19435246403931
"75";3.33333333333333;3.33333333333333;1.66666666666667;0.962250448649376;93.3333333333333;4.19435246403931
"76";3.33333333333333;3.33333333333333;1.66666666666667;0.962250448649376;93.3333333333333;4.19435246403931
"77";3.33333333333333;3.33333333333333;1.66666666666667;0.962250448649376;93.3333333333333;4.19435246403931
"78";3.33333333333333;3.33333333333333;1.66666666666667;0.962250448649376;93.3333333333333;4.19435246403931
"79";3.33333333333333;3.33333333333333;1.66666666666667;0.962250448649376;93.3333333333333;4.19435246403931
"80";3.33333333333333;3.33333333333333;1.66666666666667;0.962250448649376;93.3333333333333;4.19435246403931
"81";3.33333333333333;3.33333333333333;1.66666666666667;1.66666666666667;95;4.40958551844098
"82";3.33333333333333;4.71404520791032;3.33333333333333;1.17851130197758;93.3333333333333;5.8925565098879
"83";3.33333333333333;4.71404520791032;3.33333333333333;1.17851130197758;93.3333333333333;5.8925565098879
"84";3.33333333333333;4.71404520791032;3.33333333333333;1.17851130197758;93.3333333333333;5.8925565098879
"85";3.33333333333333;4.71404520791032;3.33333333333333;1.17851130197758;93.3333333333333;5.8925565098879
"86";3.33333333333333;4.71404520791032;3.33333333333333;1.17851130197758;93.3333333333333;5.8925565098879
"87";3.33333333333333;4.71404520791032;3.33333333333333;1.17851130197758;93.3333333333333;5.8925565098879
"88";3.33333333333333;4.71404520791032;3.33333333333333;1.17851130197758;93.3333333333333;5.8925565098879
"89";3.33333333333333;4.71404520791032;3.33333333333333;1.17851130197758;93.3333333333333;5.8925565098879
"90";3.33333333333333;4.71404520791032;3.33333333333333;1.17851130197758;93.3333333333333;5.8925565098879
"91";3.33333333333333;4.71404520791032;3.33333333333333;1.17851130197758;93.3333333333333;5.8925565098879
"92";3.33333333333333;4.71404520791032;3.33333333333333;1.17851130197758;93.3333333333333;5.8925565098879
"93";3.33333333333333;4.71404520791032;3.33333333333333;1.17851130197758;93.3333333333333;5.8925565098879
"94";3.33333333333333;4.71404520791032;3.33333333333333;1.17851130197758;93.3333333333333;5.8925565098879
"95";3.33333333333333;4.71404520791032;3.33333333333333;1.17851130197758;93.3333333333333;5.8925565098879
"96";3.33333333333333;4.71404520791032;3.33333333333333;1.17851130197758;93.3333333333333;5.8925565098879
"97";3.33333333333333;4.71404520791032;3.33333333333333;1.17851130197758;93.3333333333333;5.8925565098879
"98";3.33333333333333;4.71404520791032;3.33333333333333;1.17851130197758;93.3333333333333;5.8925565098879
"99";3.33333333333333;4.71404520791032;3.33333333333333;1.17851130197758;93.3333333333333;5.8925565098879
"100";3.33333333333333;4.71404520791032;3.33333333333333;1.17851130197758;93.3333333333333;5.8925565098879
"101";3.33333333333333;4.71404520791032;3.33333333333333;1.17851130197758;93.3333333333333;5.8925565098879
"102";3.33333333333333;4.71404520791032;1.66666666666667;2.35702260395516;95;7.07106781186548
"103";6.66666666666667;NA;3.33333333333333;NA;90;NA
"104";6.66666666666667;NA;3.33333333333333;NA;90;NA
"105";6.66666666666667;NA;3.33333333333333;NA;90;NA
"106";6.66666666666667;NA;3.33333333333333;NA;90;NA
"107";6.66666666666667;NA;3.33333333333333;NA;90;NA
"108";6.66666666666667;NA;3.33333333333333;NA;90;NA
"109";6.66666666666667;NA;3.33333333333333;NA;90;NA
"110";6.66666666666667;NA;3.33333333333333;NA;90;NA
"111";6.66666666666667;NA;3.33333333333333;NA;90;NA
"112";6.66666666666667;NA;3.33333333333333;NA;90;NA
"113";6.66666666666667;NA;3.33333333333333;NA;90;NA
"114";6.66666666666667;NA;3.33333333333333;NA;90;NA
"115";6.66666666666667;NA;3.33333333333333;NA;90;NA
"116";6.66666666666667;NA;3.33333333333333;NA;90;NA
"117";6.66666666666667;NA;3.33333333333333;NA;90;NA
"118";6.66666666666667;NA;3.33333333333333;NA;90;NA
"119";6.66666666666667;NA;3.33333333333333;NA;90;NA
"120";6.66666666666667;NA;3.33333333333333;NA;90;NA
"121";6.66666666666667;NA;3.33333333333333;NA;90;NA
"122";6.66666666666667;NA;3.33333333333333;NA;90;NA
"123";6.66666666666667;NA;3.33333333333333;NA;90;NA
"124";6.66666666666667;NA;3.33333333333333;NA;90;NA
"125";6.66666666666667;NA;1.66666666666667;NA;91.6666666666667;NA
"126";6.66666666666667;NA;1.66666666666667;NA;91.6666666666667;NA
"127";6.66666666666667;NA;1.66666666666667;NA;91.6666666666667;NA
"128";6.66666666666667;NA;1.66666666666667;NA;91.6666666666667;NA
"129";6.66666666666667;NA;1.66666666666667;NA;91.6666666666667;NA
"130";6.66666666666667;NA;1.66666666666667;NA;91.6666666666667;NA
"131";6.66666666666667;NA;1.66666666666667;NA;91.6666666666667;NA
"132";6.66666666666667;NA;1.66666666666667;NA;91.6666666666667;NA
"133";6.66666666666667;NA;1.66666666666667;NA;91.6666666666667;NA
"134";6.66666666666667;NA;1.66666666666667;NA;91.6666666666667;NA
"135";6.66666666666667;NA;1.66666666666667;NA;91.6666666666667;NA
"136";6.66666666666667;NA;1.66666666666667;NA;91.6666666666667;NA
"137";6.66666666666667;NA;1.66666666666667;NA;91.6666666666667;NA
"138";6.66666666666667;NA;1.66666666666667;NA;91.6666666666667;NA
