"allS";"sdAllS";"allI";"sdAllI";"allR";"sdAllR"
"1";100;0;0;0;0;0
"2";100;0;0;0;0;0
"3";99.21875;0;0.78125;0;0;0
"4";98.4375;1.37611628581031;1.5625;1.37611628581031;0;0
"5";88.28125;11.9201444517254;11.71875;11.8435650199067;0;0.286209022291034
"6";67.1875;25.8487232870087;31.25;24.6509840098795;0.78125;1.48039006116197
"7";46.875;31.7467823115116;50;29.1949830238483;3.125;3.56465065379845
"8";31.25;32.0600995439276;60.9375;28.180121411186;7.8125;5.57477034179582
"9";26.5625;33.0186538604673;60.9375;27.2852578165875;12.5;7.24996830621876
"10";21.875;31.5558018134424;61.71875;24.4351675525686;16.40625;8.68724211424262
"11";15.625;22.0987116381516;62.5;13.8504113663219;21.09375;10.334001030966
"12";10.15625;12.7135933143716;63.28125;7.04527808141633;25.78125;11.3475207940306
"13";7.03125;6.95452189555484;60.9375;7.30328315748967;31.25;11.290425987525
"14";6.25;5.2783286821181;57.8125;7.59921272958437;35.9375;10.6488372790761
"15";5.46875;3.93828773632878;53.90625;9.52402322994212;40.625;11.3326580546012
"16";4.6875;3.49385621484342;50;9.46741369671672;44.53125;10.4068006279866
"17";4.6875;3.46289085179862;45.3125;8.47584654159155;50;9.0745575987905
"18";3.90625;3.44209252041802;41.40625;7.66975391405254;53.90625;7.9967050186965
"19";3.90625;3.44093337153166;39.0625;7.29672552977728;56.25;7.35065100415227
"20";3.90625;3.44093337153166;35.9375;7.05419051772024;59.375;7.00424871789432
"21";3.90625;3.44093337153166;32.8125;6.95624253107551;62.5;6.70214022676943
"22";3.90625;3.30884125925715;30.46875;6.30987076586388;64.84375;6.02113651791091
"23";3.90625;3.18192635535179;28.125;5.6733648889881;67.96875;5.57119126442266
"24";3.90625;3.21435764618911;25.78125;5.30415079447512;69.53125;5.23907136770973
"25";3.90625;3.21435764618911;23.4375;4.75005912415904;71.875;4.61805171629896
"26";3.90625;3.2516831402345;21.875;4.07175918184847;74.21875;3.96981572781231
"27";3.90625;3.2516831402345;20.3125;3.74727569887761;75;4.00582840090434
"28";3.90625;3.2516831402345;18.75;3.27094846494012;77.34375;3.82967218134191
"29";3.90625;3.19943020802857;17.1875;3.12276523442839;78.90625;3.51690132060839
"30";3.90625;3.19943020802857;15.625;3.32537730057455;80.46875;3.7184213000774
"31";3.90625;3.19943020802857;14.0625;3.35553126927175;81.25;3.64938771066955
"32";3.90625;3.19943020802857;13.28125;2.98962549929272;82.8125;3.49642428297026
"33";3.90625;3.19943020802857;12.5;2.70817130454237;83.59375;3.39100923811511
"34";3.90625;3.19943020802857;10.9375;2.70374859396257;84.375;3.64938771066955
"35";3.90625;3.19943020802857;10.15625;2.65122915522154;85.9375;3.48356501070721
"36";3.90625;3.19943020802857;9.375;2.82920161277473;86.71875;3.70579413300982
"37";3.90625;3.19943020802857;8.59375;2.54058408719038;87.5;3.79803118071366
"38";3.90625;3.23569519131813;7.8125;2.23350106028973;88.28125;3.45827981000396
"39";3.90625;3.23569519131813;7.03125;2.40507329474687;89.0625;3.65921258318814
"40";3.90625;3.23569519131813;6.25;2.55623786492158;89.0625;3.45741455504442
"41";3.90625;3.23569519131813;6.25;2.33308781205645;89.84375;3.37065503418507
"42";3.90625;3.23569519131813;5.46875;2.32065830385158;90.625;3.44006375354763
"43";3.90625;3.23569519131813;4.6875;2.0756598879846;90.625;3.18725018644932
"44";3.90625;3.23569519131813;4.6875;1.93645871238486;91.40625;3.29070717354213
"45";3.90625;3.23569519131813;3.90625;1.95338029377274;91.40625;3.22550788927742
"46";3.90625;3.23569519131813;3.90625;1.74635712256991;92.1875;3.24400646126848
"47";3.90625;3.23569519131813;3.90625;1.65667963659262;92.1875;3.25781145916583
"48";3.90625;3.23569519131813;3.125;1.75319666750277;92.96875;3.35761111353085
"49";3.90625;3.23569519131813;3.125;1.82674230920963;92.96875;3.35761111353085
"50";3.90625;3.23569519131813;3.125;1.6764276440184;92.96875;3.35761111353085
"51";3.90625;3.23569519131813;2.34375;1.5625;92.96875;3.4261198471308
"52";3.90625;3.23569519131813;2.34375;1.46499267353005;93.75;3.41328789250663
"53";3.90625;3.23569519131813;2.34375;1.47381596606844;93.75;3.35998650195215
"54";3.90625;3.33211839263505;2.34375;1.43211758077521;93.75;3.47130457900758
"55";3.90625;3.39304529112953;2.34375;1.35222466919872;93.75;3.45727032483119
"56";3.90625;3.39304529112953;2.34375;1.20609751842806;93.75;3.49349225253035
"57";3.90625;3.39304529112953;2.34375;1.20609751842806;93.75;3.49349225253035
"58";3.90625;3.39304529112953;2.34375;1.20609751842806;93.75;3.49349225253035
"59";3.90625;3.39304529112953;1.5625;1.17620726985794;93.75;3.45837353296164
"60";3.90625;3.39304529112953;1.5625;1.20609751842806;93.75;3.38403918290055
"61";3.90625;3.39304529112953;1.5625;1.20609751842806;93.75;3.42883317947319
"62";3.90625;3.39304529112953;1.5625;1.36439446848226;94.53125;3.57693928225043
"63";3.90625;3.53061707227755;1.5625;1.26962755428612;93.75;3.47364086937943
"64";3.90625;3.53061707227755;1.5625;1.26962755428612;93.75;3.47364086937943
"65";3.90625;3.53061707227755;1.5625;1.33277137847256;93.75;3.546097459392
"66";4.6875;3.59302940733439;1.5625;1.07730810070504;93.75;3.45325568791502
"67";4.6875;3.89407825885807;1.5625;1.07056274953617;93.75;3.54109217154272
"68";3.90625;2.87049579232404;1.5625;0.724969318076826;94.53125;2.96920683619567
"69";3.90625;2.87049579232404;1.5625;0.676582346706593;94.53125;3.00044755776117
"70";3.90625;2.87049579232404;1.5625;0.676582346706593;94.53125;3.00044755776117
"71";3.90625;2.87049579232404;1.5625;0.676582346706593;94.53125;3.00044755776117
"72";3.90625;2.87049579232404;1.5625;0.724969318076826;94.53125;3.1032227312013
"73";3.90625;2.87049579232404;1.5625;0.688997737256404;94.53125;2.94339962381701
"74";3.90625;3.06691270556023;1.5625;0.417595690488163;94.53125;3.21948403124714
"75";3.90625;3.06691270556023;0.78125;0.361648476473653;95.3125;3.13718328207207
"76";3.90625;3.06691270556023;0.78125;0.500679644110668;95.3125;3.20081035707589
"77";3.90625;3.26597920441794;0.78125;0.295284744538459;95.3125;3.34511265069404
"78";3.90625;3.26597920441794;0.78125;0.295284744538459;95.3125;3.34511265069404
"79";3.90625;3.26597920441794;0.78125;0;95.3125;3.26597920441794
"80";3.90625;3.26597920441794;0.78125;0;95.3125;3.26597920441794
"81";3.90625;3.26597920441794;0.78125;0.295284744538459;95.3125;3.30578272195284
"82";3.90625;3.56304820343481;0.78125;0;95.3125;3.56304820343481
"83";3.90625;3.56304820343481;0.78125;0;95.3125;3.56304820343481
"84";3.90625;3.56304820343481;0.78125;0;95.3125;3.56304820343481
"85";3.90625;3.56304820343481;0.78125;0;95.3125;3.56304820343481
"86";3.90625;3.56304820343481;0.78125;0;95.3125;3.56304820343481
"87";3.90625;3.56304820343481;0.78125;0;95.3125;3.56304820343481
"88";3.90625;3.56304820343481;0.78125;0;95.3125;3.56304820343481
"89";3.90625;3.56304820343481;0.78125;0.318943976924893;95.3125;3.71128013769059
"90";4.6875;3.59714513538167;0.78125;0;94.53125;3.59714513538167
"91";4.6875;3.59714513538167;0.78125;0.349385621484342;94.53125;3.47634304082609
"92";3.90625;3.82732772309872;0.78125;0;95.3125;3.82732772309872
"93";3.90625;3.82732772309872;0.78125;0;95.3125;3.82732772309872
"94";3.90625;3.82732772309872;0.78125;0.390625;95.3125;4.05322458757119
"95";4.6875;3.93220543503685;0.78125;0.451054897804395;94.53125;4.34981590846095
"96";7.03125;2.20970869120796;0.78125;0;92.1875;2.20970869120796
"97";7.03125;2.20970869120796;0.78125;0;92.1875;2.20970869120796
"98";7.03125;2.20970869120796;0.78125;0;92.1875;2.20970869120796
"99";7.03125;2.20970869120796;0.78125;0;92.1875;2.20970869120796
"100";7.03125;2.20970869120796;0;0.55242717280199;92.1875;1.65728151840597
"101";5.46875;NA;0.78125;NA;93.75;NA
