"allS";"sdAllS";"allI";"sdAllI";"allR";"sdAllR"
"1";100;0;0;0;0;0
"2";100;0;0;0;0;0
"3";99.21875;0;0.78125;0;0;0
"4";96.875;3.63335407324225;2.34375;3.65912364580143;0;0.286209022291034
"5";85.15625;13.7115261485199;14.0625;13.1167247565395;0;0.930449088213094
"6";62.5;28.3693923061295;35.9375;27.0263533745671;1.5625;1.96337769511732
"7";39.84375;30.5024432042223;53.90625;26.501083942811;5.46875;4.98055945157348
"8";25;27.7126200351126;64.0625;22.628016664257;10.9375;8.12294381877006
"9";17.96875;27.141847399221;64.0625;21.1043695855726;17.1875;8.74713592693872
"10";14.84375;24.8725937327957;60.9375;17.3180226442259;24.21875;9.93851885707163
"11";11.71875;21.6697668001837;57.8125;14.3574581003895;30.46875;10.9353704458812
"12";9.375;16.778696558527;54.6875;10.1098859486106;35.9375;11.5475432245576
"13";7.03125;11.9034242571645;50.78125;6.81737965028006;42.1875;12.1083801586252
"14";5.46875;6.3802223191755;46.875;8.3732745362674;46.875;12.372071004217
"15";4.6875;4.17727541996102;42.1875;9.50465443892041;52.34375;11.5196909330971
"16";4.6875;3.81808397155115;38.28125;9.20417279688946;56.25;10.3641425234657
"17";4.6875;3.43333891392356;34.375;8.96907664910385;60.9375;9.73234460746167
"18";4.6875;3.44291588905087;31.25;8.96298583796599;64.0625;9.81328828965709
"19";3.90625;3.46129436721959;28.125;7.37726813360688;67.1875;8.08836550598377
"20";3.90625;3.42209278927211;25;6.79614239094696;70.3125;7.28690467545566
"21";3.90625;3.35406365620398;22.65625;6.35941945219172;73.4375;7.08484235973783
"22";3.90625;3.38053692682853;20.3125;6.30934001156848;75;7.00825461222007
"23";3.90625;3.38053692682853;18.75;6.03173040594216;77.34375;6.90865342794817
"24";3.90625;3.38053692682853;17.1875;5.47330050339769;78.90625;6.65765521366787
"25";3.90625;3.38053692682853;14.84375;5.18145132259178;80.46875;6.36964025852531
"26";3.90625;3.38053692682853;14.0625;5.04655546283539;82.03125;6.29238812651476
"27";3.90625;3.38053692682853;11.71875;4.85894660914209;83.59375;6.30169819034813
"28";3.90625;3.38053692682853;10.9375;4.64810059316466;84.375;6.24434365756849
"29";3.90625;3.38053692682853;9.375;3.84303286795438;85.9375;5.49804185387613
"30";3.90625;3.38053692682853;8.59375;3.76193106108926;86.71875;5.52950277191406
"31";3.90625;3.38053692682853;7.03125;3.65802609526659;88.28125;5.50913192249684
"32";3.90625;3.38053692682853;6.25;3.21093800022406;89.0625;5.17043503367947
"33";3.90625;3.38053692682853;6.25;3.23709323547092;89.84375;5.27119073726718
"34";3.90625;3.38053692682853;5.46875;2.79853073234303;89.84375;4.95582744224771
"35";3.90625;3.38053692682853;4.6875;2.40830771125128;90.625;4.63512405443479
"36";3.90625;3.38053692682853;4.6875;2.21551608280281;91.40625;4.62037325251961
"37";3.90625;3.38053692682853;3.90625;2.03211962659909;92.1875;4.49080177425567
"38";3.90625;3.38053692682853;3.125;1.79006863084212;92.1875;4.32017456891745
"39";3.90625;3.38053692682853;3.125;1.50543406460125;92.96875;4.03090573805428
"40";3.90625;3.38053692682853;2.34375;1.48014893565159;92.96875;4.07509276765169
"41";3.90625;3.38053692682853;2.34375;1.38600188800471;92.96875;3.76193106108926
"42";3.90625;3.38053692682853;2.34375;1.37903117212201;92.96875;3.72934105216835
"43";3.90625;3.38053692682853;1.5625;1.35316469341319;93.75;3.61029337256957
"44";3.90625;3.23058118424715;1.5625;1.20083312027464;93.75;3.74197713296989
"45";3.90625;3.27612763494236;1.5625;1.16803906499438;93.75;3.83175493999015
"46";3.90625;3.37028516498092;1.5625;1.01376739055403;93.75;3.82204743400389
"47";3.90625;3.37028516498092;1.5625;0.839402778382713;94.53125;3.6379603587932
"48";3.90625;3.37028516498092;1.5625;0.73385659111541;94.53125;3.66193703638605
"49";3.90625;3.41992131728294;0.78125;0.691454064966237;94.53125;3.70545098803635
"50";4.6875;3.41561621845689;0.78125;0.637887953849786;94.53125;3.62210603899694
"51";4.6875;3.41561621845689;0.78125;0.715215169089162;94.53125;3.59795302874062
"52";3.90625;3.37306672430336;0.78125;0.724069293747108;94.53125;3.61602108311853
"53";3.90625;3.31665490387837;0.78125;0.619501141483406;95.3125;3.58529968291186
"54";3.90625;3.58959602919016;0.78125;0.494105884401309;94.53125;3.87662376373508
"55";3.90625;3.58959602919016;0.78125;0.368284781867994;95.3125;3.62718444718336
"56";3.125;3.38291173353296;0.78125;0.260416666666667;95.3125;3.56114435707743
"57";3.125;3.38291173353296;0.78125;0.260416666666667;95.3125;3.56114435707743
"58";3.125;3.38291173353296;0.78125;0.260416666666667;95.3125;3.56114435707743
"59";3.125;3.38291173353296;0.78125;0.260416666666667;95.3125;3.56114435707743
"60";3.125;3.38291173353296;0.78125;0;95.3125;3.38291173353296
"61";3.125;3.38291173353296;0.78125;0.344498868628202;95.3125;3.32477743093847
"62";3.125;2.6847646655757;0.78125;0.381210965995521;96.09375;2.88312451934488
"63";3.90625;2.89168055051902;0.78125;0;95.3125;2.89168055051902
"64";3.90625;2.89168055051902;0.78125;0;95.3125;2.89168055051902
"65";3.90625;2.89168055051902;0.78125;0;95.3125;2.89168055051902
"66";3.90625;2.89168055051902;0.78125;0.349385621484342;95.3125;2.68368188083089
"67";3.125;2.58127963562487;0.78125;0.390625;96.09375;2.25527448902198
"68";1.5625;1.62630156208292;0.78125;0;96.875;1.62630156208292
"69";1.5625;1.62630156208292;0.78125;0.451054897804395;97.65625;1.35316469341319
"70";1.5625;1.65728151840597;0.78125;0;97.65625;1.65728151840597
"71";1.5625;1.65728151840597;0.78125;0;97.65625;1.65728151840597
"72";1.5625;1.65728151840597;0.78125;0;97.65625;1.65728151840597
"73";1.5625;1.65728151840597;0.78125;0;97.65625;1.65728151840597
"74";1.5625;1.65728151840597;0.78125;0;97.65625;1.65728151840597
"75";1.5625;1.65728151840597;0.78125;0;97.65625;1.65728151840597
"76";1.5625;1.65728151840597;0.78125;0;97.65625;1.65728151840597
"77";1.5625;1.65728151840597;0.78125;0;97.65625;1.65728151840597
"78";1.5625;1.65728151840597;0.78125;0;97.65625;1.65728151840597
"79";1.5625;1.65728151840597;0.78125;0;97.65625;1.65728151840597
"80";1.5625;1.65728151840597;0.78125;0;97.65625;1.65728151840597
"81";1.5625;1.65728151840597;0.78125;0;97.65625;1.65728151840597
