"allS";"sdAllS";"allI";"sdAllI";"allR";"sdAllR"
"1";100;0;0;0;0;0
"2";100;0;0;0;0;0
"3";98.5714285714286;0;1.42857142857143;0;0;0
"4";94.2857142857143;3.51152773984048;5.71428571428571;3.5631482959221;0;0.439705008036495
"5";77.1428571428572;13.5468713317365;22.8571428571429;13.5801317562726;0;1.17254668809732
"6";45.7142857142857;21.1915462544162;51.4285714285714;20.0407747620002;1.42857142857143;2.28359864494918
"7";17.1428571428571;17.8204133542408;75.7142857142857;15.6189864904972;7.14285714285714;3.65760687845703
"8";5.71428571428571;8.44868251889301;80;6.10505944324749;12.8571428571429;5.58644592635401
"9";1.42857142857143;1.82328889223095;77.1428571428572;4.98062842479818;20;5.69357147809305
"10";1.42857142857143;0.729168265048629;70;4.91823586651434;28.5714285714286;5.01072962607312
"11";0;0.729168265048629;62.8571428571429;5.61712511183607;35.7142857142857;5.90108220699802
"12";0;0.671660494259467;57.1428571428571;4.97631338961534;41.4285714285714;5.06191525378684
"13";0;0.586273344048659;51.4285714285714;3.94034462826206;47.1428571428571;3.94579273957926
"14";0;0.586273344048659;47.1428571428571;4.19451844225365;51.4285714285714;4.27065021700997
"15";0;0.586273344048659;42.8571428571429;5.27391489340699;57.1428571428571;5.38277077976151
"16";0;0.586273344048659;38.5714285714286;5.58308016269827;61.4285714285714;5.78712968856094
"17";0;0.523353640760748;35.7142857142857;5.15912214949244;62.8571428571429;5.23302329064878
"18";0;0.523353640760748;31.4285714285714;6.11209292420124;67.1428571428571;6.13970893273717
"19";0;0.523353640760748;27.1428571428571;5.64383259866189;71.4285714285714;5.5907703594049
"20";0;0.523353640760748;25.7142857142857;5.21503239066265;72.8571428571428;5.20833422842814
"21";0;0.523353640760748;22.8571428571429;5.15912214949244;75.7142857142857;5.15860163068473
"22";0;0.523353640760748;21.4285714285714;4.84950748825333;78.5714285714286;4.81895648125258
"23";0;0.523353640760748;18.5714285714286;4.3380265972357;80;4.3547078121148
"24";0;0.523353640760748;17.1428571428571;4.25490176667319;81.4285714285714;4.30072559011892
"25";0;0.523353640760748;15.7142857142857;3.86326442663134;82.8571428571429;3.93010906340632
"26";0;0.523353640760748;14.2857142857143;3.88060256430413;85.7142857142857;4.02129134770349
"27";0;0.523353640760748;11.4285714285714;3.32535744668565;87.1428571428571;3.35510256349943
"28";0;0.523353640760748;11.4285714285714;3.24773737648152;88.5714285714286;3.3188910186966
"29";0;0.523353640760748;10;3.14354059554389;88.5714285714286;3.22033682715702
"30";0;0.523353640760748;8.57142857142857;3.02513636943952;90;3.08403602370153
"31";0;0.523353640760748;8.57142857142857;2.71843766339288;91.4285714285714;2.77610643118978
"32";0;0.523353640760748;7.14285714285714;2.77707354720281;91.4285714285714;2.87494454249973
"33";0;0.523353640760748;5.71428571428571;3.04900892492544;92.8571428571429;3.12640945658523
"34";0;0.523353640760748;5.71428571428571;3.07793505625546;94.2857142857143;3.11866974312806
"35";0;0.523353640760748;4.28571428571429;2.44817387390348;94.2857142857143;2.53334369756864
"36";0;0.523353640760748;4.28571428571429;2.59202279498271;95.7142857142857;2.60545573179712
"37";0;0.547832134890979;4.28571428571429;2.41295025468256;95.7142857142857;2.40048014404802
"38";0;0.547832134890979;2.85714285714286;1.91349538432533;95.7142857142857;1.83339699405642
"39";0;0.547832134890979;2.85714285714286;1.8977461833002;95.7142857142857;1.84969417672732
"40";0;0.547832134890979;2.85714285714286;1.50805935909219;95.7142857142857;1.54087087277032
"41";0;0.56136089142384;2.85714285714286;1.18767176681534;97.1428571428571;1.18133747222769
"42";0;0.56136089142384;2.85714285714286;1.14259450763758;97.1428571428571;1.21267812518166
"43";0;0.575875553449896;2.85714285714286;0.903507902905251;97.1428571428571;1.0059347702037
"44";0;0.575875553449896;2.85714285714286;0.903507902905251;97.1428571428571;1.0059347702037
"45";0;0.575875553449896;1.42857142857143;1.02685041204037;97.1428571428571;1.03919775441882
"46";0;0.502665393249283;1.42857142857143;1.16642368703961;97.1428571428571;1.30782202347732
"47";0;0.536476868713436;1.42857142857143;0.792428851750327;97.1428571428571;0.900607388508736
"48";0;0.556070674401088;1.42857142857143;0.556070674401088;97.1428571428571;0.70337994845333
"49";0;0.556070674401088;1.42857142857143;0.735612357920625;97.1428571428571;0.887973657868659
"50";0;0.577885596397065;1.42857142857143;0.63887656499994;97.1428571428571;0.861460984507896
"51";0;0.602338601936834;1.42857142857143;0.451753951452626;97.1428571428571;0.690065559342354
"52";0;0.602338601936834;1.42857142857143;0.673435029701474;97.1428571428571;0.903507902905251
"53";0;0.629940788348712;1.42857142857143;0.858464589396188;97.1428571428571;1.11676565710082
"54";0;0.697071480677524;1.42857142857143;0.824786098842322;97.1428571428571;1.07989849431208
"55";0;0.737711113563317;1.42857142857143;0.583211843519804;97.1428571428571;0.782460796435951
"56";0;0.737711113563317;1.42857142857143;0.583211843519804;97.1428571428571;0.782460796435951
"57";0;0.737711113563317;1.42857142857143;1.07538950387012;97.1428571428571;0.583211843519804
"58";0;0;1.42857142857143;0.714285714285714;98.5714285714286;0.714285714285714
"59";0;0;1.42857142857143;0;98.5714285714286;0
"60";0;0;1.42857142857143;0;98.5714285714286;0
"61";0;0;1.42857142857143;0.824786098842322;98.5714285714286;0.824786098842322
"62";0;0;0;1.01015254455221;98.5714285714286;1.01015254455221
"63";0;NA;1.42857142857143;NA;98.5714285714286;NA
"64";0;NA;1.42857142857143;NA;98.5714285714286;NA
"65";0;NA;1.42857142857143;NA;98.5714285714286;NA
"66";0;NA;1.42857142857143;NA;98.5714285714286;NA
"67";0;NA;1.42857142857143;NA;98.5714285714286;NA
"68";0;NA;1.42857142857143;NA;98.5714285714286;NA
"69";0;NA;1.42857142857143;NA;98.5714285714286;NA
"70";0;NA;1.42857142857143;NA;98.5714285714286;NA
"71";0;NA;1.42857142857143;NA;98.5714285714286;NA
