"allS";"sdAllS";"allI";"sdAllI";"allR";"sdAllR"
"1";100;0;0;0;0;0
"2";100;0;0;0;0;0
"3";99.21875;0;0.78125;0;0;0
"4";96.875;5.15285349656599;3.125;5.19708214568015;0;0.347079420561968
"5";82.03125;14.9355617074789;17.1875;14.4559955956787;0;0.753339149323536
"6";55.46875;22.625114091341;42.96875;21.4761705160988;1.5625;1.83170656494387
"7";35.15625;22.330634262432;58.59375;19.7437272880287;5.46875;3.88058086490279
"8";25;17.5416643877358;63.28125;13.7712747842425;11.71875;5.76085237161261
"9";18.75;11.9736531457448;62.5;7.45193157948668;17.96875;7.08561060529393
"10";15.625;10.1711752118454;60.15625;5.75217171516893;24.21875;8.07402192490581
"11";14.0625;8.93143049592739;55.46875;5.56097825626631;30.46875;8.3871276313748
"12";12.5;7.66490701345123;51.5625;4.9468344846102;35.15625;8.39924761069729
"13";11.71875;6.722159732504;47.65625;5.35264704269482;40.625;8.66921774194823
"14";10.9375;6.19550898613037;42.96875;5.65107008946688;46.09375;8.89197937183408
"15";10.15625;5.74130243780826;39.0625;5.65959048477974;50.78125;9.1401974052783
"16";10.15625;5.40837073470564;35.15625;5.30542722338746;54.6875;8.85739105376068
"17";9.375;5.16186784162483;32.03125;4.70384273413459;58.59375;8.12931277519834
"18";9.375;4.80407551343052;28.90625;4.64735182386493;61.71875;7.87461600115016
"19";8.59375;4.12577591608199;26.5625;4.75478632161123;64.84375;7.4269829875606
"20";8.59375;4.05025144064614;23.4375;3.88058086490279;67.96875;6.53285606599598
"21";8.59375;3.97553683068152;21.09375;3.69059303821001;70.3125;6.40707454399852
"22";8.59375;3.85705498697058;19.53125;3.86675944785275;71.875;6.50712636153737
"23";7.8125;3.8011256604524;17.1875;3.87321558022802;74.21875;6.28275181342139
"24";7.8125;3.70362636790299;15.625;3.71277054412256;75.78125;5.8697976258551
"25";7.8125;3.53246353287774;14.0625;3.68526994838516;78.125;5.7778656918954
"26";7.8125;3.50405727659535;12.5;3.55964060121177;79.6875;5.56386582630405
"27";7.8125;3.45791551851504;11.71875;3.8030032232542;80.46875;5.81051448119564
"28";7.03125;3.32853272733784;10.9375;3.8011256604524;81.25;5.65328031391939
"29";7.03125;3.29728832356873;9.375;3.81892523717148;82.8125;5.57219928978434
"30";7.03125;3.29728832356873;8.59375;3.24436241387853;83.59375;4.95116179363239
"31";7.03125;3.26355836947865;7.8125;2.94446049954935;84.375;4.59599402663192
"32";7.03125;3.26355836947865;7.03125;3.06211862853949;85.15625;4.83185674378605
"33";7.03125;3.28209836568278;6.25;2.77920513400875;85.9375;4.84587177637072
"34";7.03125;3.33763514220335;5.46875;2.32923747656228;86.71875;4.44438376580472
"35";7.03125;3.33763514220335;4.6875;2.34907411849462;87.5;4.38251560500853
"36";7.03125;3.33389009878692;4.6875;1.98776841534076;88.28125;4.20291592096125
"37";7.03125;3.33389009878692;3.90625;1.76724190765181;88.28125;4.16109482169436
"38";7.03125;3.23665215449933;3.90625;2.09954628861941;88.28125;4.25104731570189
"39";7.03125;3.23665215449933;3.90625;2.02071463749804;89.0625;4.17522421658669
"40";7.03125;3.15625361878086;3.90625;1.95517984012644;89.0625;4.02017708943392
"41";7.03125;3.18159641348555;3.125;1.8996235848858;89.0625;4.00550080349124
"42";7.03125;3.2806907008545;3.125;1.46771318223082;89.84375;3.90982271257801
"43";7.03125;3.2806907008545;3.125;1.31958217052952;89.84375;4.05629907910629
"44";7.03125;3.2806907008545;2.34375;1.38088738844815;89.84375;4.15035871107011
"45";7.03125;3.24062296145491;2.34375;1.13688574235781;90.625;3.8202857158029
"46";7.03125;3.24062296145491;1.5625;1.00760011473666;90.625;3.63048238795908
"47";7.03125;3.21063229321301;1.5625;1.0378299439923;90.625;3.76002880108216
"48";7.03125;3.21063229321301;1.5625;1.08756860885299;91.40625;3.77828597097576
"49";7.03125;2.66418468683628;1.5625;0.924387466109315;91.40625;3.04545573247906
"50";7.03125;2.67065422194905;1.5625;0.908530586926468;91.40625;3.06394979045878
"51";7.03125;2.62135183600859;1.5625;0.891514701648545;91.40625;2.94602530124055
"52";7.03125;2.62135183600859;1.5625;0.891514701648545;91.40625;2.94602530124055
"53";7.03125;2.62135183600859;1.5625;0.889631880747176;91.40625;2.87049579232404
"54";7.03125;2.72792852737765;1.5625;0.815553004239675;91.40625;2.89762773564705
"55";7.03125;2.76715337198553;1.5625;0.78125;91.40625;2.79706941299932
"56";7.03125;2.85596154302317;0.78125;0.942222951805511;91.40625;3.17956621809128
"57";7.8125;2.77001643883724;0.78125;0.828640759202985;90.625;2.60579376252467
"58";7.8125;2.97246791003544;1.5625;0.762421931991042;90.625;2.81167315888262
"59";7.8125;2.97246791003544;0.78125;0.835191380976326;91.40625;2.55155181539914
"60";6.25;1.18482428813305;0.78125;0.890762050858702;92.1875;1.01862537581291
"61";6.25;1.33423838098432;1.5625;1.00858941307485;92.1875;1.171875
"62";6.25;1.5625;1.5625;0.78125;92.1875;1.35316469341319
"63";6.25;1.5625;0.78125;0.90210979560879;92.1875;1.80421959121758
"64";6.25;2.20970869120796;1.5625;0.55242717280199;92.1875;2.76213586400995
"65";6.25;2.20970869120796;0.78125;1.10485434560398;92.96875;3.31456303681194
"66";7.8125;NA;1.5625;NA;90.625;NA
"67";7.8125;NA;1.5625;NA;90.625;NA
"68";7.8125;NA;1.5625;NA;90.625;NA
"69";7.8125;NA;1.5625;NA;90.625;NA
"70";7.8125;NA;1.5625;NA;90.625;NA
"71";7.8125;NA;1.5625;NA;90.625;NA
"72";7.8125;NA;0.78125;NA;91.40625;NA
"73";7.8125;NA;0.78125;NA;91.40625;NA
"74";7.8125;NA;0.78125;NA;91.40625;NA
"75";7.8125;NA;0.78125;NA;91.40625;NA
"76";7.8125;NA;0.78125;NA;91.40625;NA
"77";7.8125;NA;0.78125;NA;91.40625;NA
"78";7.8125;NA;0.78125;NA;91.40625;NA
"79";7.8125;NA;0.78125;NA;91.40625;NA
"80";7.8125;NA;0.78125;NA;91.40625;NA
"81";7.8125;NA;0.78125;NA;91.40625;NA
"82";7.8125;NA;0.78125;NA;91.40625;NA
"83";7.8125;NA;0.78125;NA;91.40625;NA
"84";7.8125;NA;0.78125;NA;91.40625;NA
"85";7.8125;NA;0.78125;NA;91.40625;NA
"86";7.8125;NA;0.78125;NA;91.40625;NA
