"allS";"sdAllS";"allI";"sdAllI";"allR";"sdAllR"
"1";100;0;0;0;0;0
"2";100;0;0;0;0;0
"3";99.21875;0;0.78125;0;0;0
"4";97.65625;1.62102563070259;2.34375;1.65194248074924;0;0.174692810742171
"5";81.25;13.0072846176671;18.75;12.8644945483121;0;0.474200764583503
"6";49.21875;25.6031472173322;47.65625;24.4699789122137;2.34375;1.65889601612776
"7";29.6875;24.1784823703093;63.28125;21.0033665728182;7.03125;3.66292594149143
"8";18.75;21.2148960512312;67.1875;17.0505157209008;14.0625;5.84267539842866
"9";14.0625;20.9171149782459;65.625;16.7199070827123;20.3125;7.47226039381052
"10";7.8125;2.97457611153264;63.28125;7.13795441132154;28.90625;6.44235254002759
"11";6.25;3.20721358499546;58.59375;6.799201741896;34.375;5.5061889569888
"12";5.46875;3.34928398723133;53.125;7.41643085932691;40.625;6.0389985234184
"13";5.46875;3.21435764618911;47.65625;7.37381509119825;46.875;6.45472503565781
"14";5.46875;3.10193695417026;42.96875;6.62370790674102;51.5625;5.93169220597888
"15";4.6875;3.06864265333459;39.0625;5.80611345539368;55.46875;4.97725756123614
"16";4.6875;3.14567557794944;35.15625;5.32666586191143;60.15625;4.49104955926684
"17";4.6875;3.20721358499546;31.25;4.93378723029515;63.28125;4.47792853669857
"18";4.6875;3.24769353174584;28.125;4.45022605875931;67.1875;4.16211646462152
"19";4.6875;3.24769353174584;25;4.38043109439156;69.53125;4.20478883928867
"20";4.6875;3.24769353174584;22.65625;4.81760482798193;71.875;4.54139823140867
"21";4.6875;3.24769353174584;20.3125;4.21260862297163;74.21875;4.27278507830287
"22";4.6875;3.29797277320265;18.75;4.99086430505157;75.78125;5.18395797306885
"23";4.6875;3.29797277320265;17.96875;4.85308043472209;77.34375;4.95416111382215
"24";4.6875;3.29797277320265;15.625;4.07102431780004;79.6875;4.6456121353303
"25";4.6875;3.29797277320265;14.0625;3.58737268055369;81.25;4.61135215018134
"26";4.6875;3.29797277320265;12.5;4.02173052382305;82.8125;4.6094052909717
"27";4.6875;3.29797277320265;10.9375;4.07273879432068;83.59375;4.74942921245896
"28";4.6875;3.29797277320265;10.15625;3.36976727989176;85.15625;4.45985205257779
"29";4.6875;3.29797277320265;8.59375;3.28433658903368;85.9375;4.34775193875592
"30";4.6875;3.29797277320265;7.8125;3.30612748732082;86.71875;4.51783956229764
"31";4.6875;3.29797277320265;7.03125;2.9411964166501;87.5;4.49903680913674
"32";4.6875;3.29797277320265;6.25;2.49782891839204;88.28125;4.09252549603075
"33";4.6875;3.29797277320265;5.46875;2.50141976127552;89.0625;4.19624154653066
"34";4.6875;3.29797277320265;5.46875;2.25792619421659;89.84375;3.71117264691862
"35";4.6875;3.29797277320265;4.6875;2.09288557660583;89.84375;3.58653856947544
"36";4.6875;3.29797277320265;4.6875;2.08954725864702;90.625;3.67959681217432
"37";4.6875;3.29797277320265;3.90625;1.88054480382446;90.625;3.63048238795908
"38";4.6875;3.29797277320265;3.90625;1.80200718132197;91.40625;3.63624658696537
"39";4.6875;3.29797277320265;3.125;1.5909631776759;91.40625;3.56058420853176
"40";4.6875;3.29797277320265;3.125;1.44649541439452;92.1875;3.61506625722374
"41";4.6875;3.29797277320265;2.34375;1.43194347371958;92.1875;3.61313461601865
"42";4.6875;3.29797277320265;2.34375;1.4151294644462;92.96875;3.69825107228651
"43";4.6875;3.3941693744107;2.34375;1.21141919973295;92.96875;3.83962015853868
"44";4.6875;3.3941693744107;2.34375;1.25150701894726;92.96875;3.83260073738764
"45";4.6875;3.3941693744107;2.34375;1.23707994300531;92.96875;3.8675704467257
"46";4.6875;3.40538979964115;2.34375;1.16643703562298;92.96875;3.6916990349056
"47";4.6875;3.40538979964115;2.34375;1.13662254389558;92.96875;3.72905391472936
"48";4.6875;3.40538979964115;2.34375;1.20925622532596;92.96875;3.74368772120569
"49";4.6875;3.52120093530399;1.5625;1.13598309374995;92.96875;3.65008255777475
"50";4.6875;3.52120093530399;1.5625;1.11271817684058;92.96875;3.69754986443726
"51";4.6875;3.52120093530399;1.5625;0.885854233615376;92.96875;3.66676601258813
"52";4.6875;3.52120093530399;1.5625;0.828202208889546;92.96875;3.72885905887476
"53";5.46875;3.46300478329454;1.5625;0.802425923457962;92.96875;3.35278991379477
"54";5.46875;3.46300478329454;1.5625;0.821017407099867;92.96875;3.33725024917493
"55";5.46875;3.46300478329454;1.5625;0.665336427541125;92.96875;3.29833496851979
"56";5.46875;3.46300478329454;1.5625;0.665336427541125;92.96875;3.29833496851979
"57";5.46875;3.46300478329454;0.78125;0.504848572389738;93.75;3.35678847205984
"58";5.46875;3.46300478329454;0.78125;0.567400811877002;93.75;3.46494104555558
"59";5.46875;3.50615265930515;0.78125;0.492519665590715;92.96875;3.46235912191421
"60";5.46875;3.50615265930515;0.78125;0.342600788791808;92.96875;3.47138745307391
"61";5.46875;3.50615265930515;0.78125;0.342600788791808;92.96875;3.47138745307391
"62";5.46875;3.50615265930515;0.78125;0.342600788791808;92.96875;3.47138745307391
"63";5.46875;3.50615265930515;0.78125;0.385584466244394;93.75;3.47138745307391
"64";4.6875;3.43715024908045;0.78125;0.402288008237842;93.75;3.51496732063778
"65";5.46875;3.36431726244139;0.78125;0.329403922934206;93.75;3.27442246020831
"66";4.6875;3.08992593747927;0.78125;0.276213586400995;93.75;3.16485467376099
"67";5.46875;3.24813218992305;0.78125;0.381210965995521;93.75;3.14816562470834
"68";4.6875;2.8384222069664;0.78125;0.349385621484342;94.53125;3.05587612743874
"69";5.46875;2.65892940841955;0.78125;0;93.75;2.65892940841955
"70";5.46875;2.65892940841955;0.78125;0;93.75;2.65892940841955
"71";5.46875;2.65892940841955;0.78125;0.390625;93.75;2.66847676196865
"72";5.46875;3.25260312416583;0.78125;0.451054897804395;93.75;3.15738428463077
"73";4.6875;4.41941738241592;0.78125;0;94.53125;4.41941738241592
"74";4.6875;4.41941738241592;0.78125;0;94.53125;4.41941738241592
"75";4.6875;4.41941738241592;0.78125;0;94.53125;4.41941738241592
"76";4.6875;4.41941738241592;0;0.55242717280199;94.53125;4.97184455521791
"77";7.8125;NA;0.78125;NA;91.40625;NA
"78";7.8125;NA;0.78125;NA;91.40625;NA
"79";7.8125;NA;0.78125;NA;91.40625;NA
"80";7.8125;NA;0.78125;NA;91.40625;NA
"81";7.8125;NA;0.78125;NA;91.40625;NA
"82";7.8125;NA;0.78125;NA;91.40625;NA
"83";7.8125;NA;0.78125;NA;91.40625;NA
"84";7.8125;NA;0.78125;NA;91.40625;NA
"85";7.8125;NA;0.78125;NA;91.40625;NA
"86";7.8125;NA;0.78125;NA;91.40625;NA
"87";7.8125;NA;0.78125;NA;91.40625;NA
"88";7.8125;NA;0.78125;NA;91.40625;NA
"89";7.8125;NA;0.78125;NA;91.40625;NA
"90";7.8125;NA;0.78125;NA;91.40625;NA
"91";7.8125;NA;0.78125;NA;91.40625;NA
"92";7.8125;NA;0.78125;NA;91.40625;NA
"93";7.8125;NA;0.78125;NA;91.40625;NA
"94";7.8125;NA;0.78125;NA;91.40625;NA
"95";7.8125;NA;0.78125;NA;91.40625;NA
"96";7.8125;NA;0.78125;NA;91.40625;NA
"97";7.8125;NA;0.78125;NA;91.40625;NA
"98";7.8125;NA;0.78125;NA;91.40625;NA
