"allS";"sdAllS";"allI";"sdAllI";"allR";"sdAllR"
"1";100;0;0;0;0;0
"2";100;0;0;0;0;0
"3";99.0697674418605;0;0.930232558139535;0;0;0
"4";98.1395348837209;0.589780415241747;1.3953488372093;0.553941782750121;0;0.190879693411191
"5";96.7441860465116;1.91757511043917;2.7906976744186;1.82587177757439;0;0.383989743014836
"6";94.8837209302326;3.93190161050428;4.65116279069767;3.48804568036295;0.465116279069767;0.705787184496377
"7";93.0232558139535;5.24506868357616;6.04651162790698;4.51174147164923;0.930232558139535;0.996421252769856
"8";89.7674418604651;7.87635368843673;8.83720930232558;6.71695002700704;1.3953488372093;1.38387777723114
"9";86.9767441860465;10.0076541257406;10.6976744186047;8.4026031851062;2.32558139534884;1.87797755380068
"10";83.2558139534884;12.0532960106846;13.0232558139535;9.69619054716464;3.25581395348837;2.6157962290751
"11";80;13.5331212285221;15.3488372093023;10.1560228873366;4.65116279069767;3.74798912809801
"12";76.7441860465116;14.856462186633;17.6744186046512;10.6440837437578;5.58139534883721;4.61300134290636
"13";73.953488372093;15.9871536199771;18.1395348837209;10.6528516563915;7.90697674418605;5.90185689703278
"14";71.6279069767442;16.6312490756733;18.6046511627907;10.901783336071;9.76744186046512;6.64366054964032
"15";69.3023255813954;17.3073392664866;19.0697674418605;10.8051648260236;11.1627906976744;7.58596703815028
"16";67.4418604651163;17.7286258858139;19.5348837209302;10.6393760313469;13.0232558139535;8.4901240625895
"17";65.5813953488372;18.3531811622482;19.5348837209302;10.8134599326703;14.8837209302326;9.23784260002106
"18";63.7209302325581;18.8930372373808;19.0697674418605;11.162382693482;16.7441860465116;9.79883629788202
"19";62.3255813953488;19.5572961132192;18.6046511627907;10.7813237467564;18.6046511627907;10.396456393508
"20";60.9302325581395;20.1225784492294;18.1395348837209;10.2808197583207;20.9302325581395;11.5744179775314
"21";60.4651162790698;20.4858440707896;16.7441860465116;10.124611433637;22.3255813953488;12.2411370246035
"22";60;20.7320963063414;16.2790697674419;9.80339596990596;23.7209302325581;12.7639867976549
"23";59.5348837209302;20.7861078890727;14.8837209302326;8.98301415343776;25.1162790697674;13.2674045828845
"24";59.5348837209302;20.831413667689;13.4883720930233;8.09271373512983;26.5116279069767;14.2116269155266
"25";59.5348837209302;20.9436105756544;12.5581395348837;7.53672703626541;27.906976744186;14.6385094278917
"26";59.5348837209302;20.919839660968;11.1627906976744;6.87465081105033;29.3023255813954;15.2621714072368
"27";59.0697674418605;21.0213032964258;10.6976744186047;6.25677168664029;30.2325581395349;15.7390949066231
"28";59.0697674418605;21.0322415562263;9.30232558139535;5.27494055560187;31.1627906976744;16.54944210673
"29";59.0697674418605;21.0409014886012;8.37209302325581;4.61497550571336;32.5581395348837;17.1736041802109
"30";59.0697674418605;21.0097225751781;7.44186046511628;4.07684294892033;33.0232558139535;17.5919450516247
"31";59.0697674418605;21.0097225751781;6.51162790697674;3.59161776886172;33.953488372093;17.9906484362756
"32";59.0697674418605;21.0252704269715;6.04651162790698;3.1627726977672;34.8837209302326;18.3751295075251
"33";59.0697674418605;21.0252704269715;5.11627906976744;2.86080841000583;35.3488372093023;18.6886719651721
"34";59.0697674418605;21.0252704269715;4.65116279069767;2.61416343128648;35.8139534883721;18.8423614454134
"35";59.0697674418605;21.0252704269715;4.18604651162791;2.41669729894599;36.2790697674419;18.9327705888236
"36";59.0697674418605;21.0252704269715;3.72093023255814;2.09356718078567;36.7441860465116;19.1943715479417
"37";59.0697674418605;21.0481514404088;3.72093023255814;1.91043660223474;37.2093023255814;19.4410522633957
"38";59.0697674418605;21.0481514404088;3.25581395348837;1.75642381620399;37.6744186046512;19.5148232955642
"39";59.0697674418605;21.0481514404088;2.7906976744186;1.5261052329299;37.6744186046512;19.7054395177698
"40";59.0697674418605;21.0481514404088;2.7906976744186;1.49596441755282;38.1395348837209;19.7893319648962
"41";59.0697674418605;21.0481514404088;2.32558139534884;1.4482033659324;38.1395348837209;19.7945526523791
"42";59.0697674418605;21.0481514404088;2.32558139534884;1.35708448146366;38.6046511627907;19.9469850426359
"43";57.6744186046512;20.6439462361552;1.86046511627907;1.16238262933489;40;19.7745205363967
"44";57.6744186046512;20.6439462361552;1.86046511627907;1.01041608740357;40.4651162790698;19.9030476402023
"45";57.6744186046512;20.6439462361552;1.86046511627907;0.985056558454957;40.4651162790698;19.9590001634627
"46";57.2093023255814;21.1247986573872;1.3953488372093;0.852505882028402;41.3953488372093;20.5945965461998
"47";57.2093023255814;21.1247986573872;1.3953488372093;0.78561171082688;41.3953488372093;20.6114961471223
"48";57.2093023255814;21.1247986573872;1.3953488372093;0.717408497557579;41.3953488372093;20.6579372649724
"49";57.2093023255814;21.0760320145127;0.930232558139535;0.640897965647008;41.8604651162791;20.720947888975
"50";57.2093023255814;21.0277238343903;0.930232558139535;0.594546502982458;41.8604651162791;20.8366963001146
"51";56.7441860465116;20.93249552881;0.930232558139535;0.596919951553254;41.8604651162791;20.8600264841843
"52";55.3488372093023;20.2594283575508;0.930232558139535;0.716792325926625;43.7209302325581;20.4718773808599
"53";55.3488372093023;20.1031286338033;0.930232558139535;1.01995487969131;43.7209302325581;20.433223501389
"54";55.3488372093023;20.0014315652196;0.930232558139535;1.22928869737424;43.7209302325581;20.4630952863564
"55";54.8837209302326;19.9513453930405;0.930232558139535;1.35074632571518;43.7209302325581;20.490284238213
"56";56.2790697674419;19.8046162080371;0.930232558139535;1.73615723152489;42.3255813953488;20.4227009364298
"57";53.953488372093;18.3587290363277;0.930232558139535;2.05364707939669;44.6511627906977;19.3543309348786
"58";53.953488372093;19.7627761163855;1.3953488372093;2.29738421561714;44.6511627906977;20.8897109898358
"59";53.953488372093;19.6369116288145;0.930232558139535;2.08339400280537;44.6511627906977;20.6629055452309
"60";57.2093023255814;19.7753248801068;1.3953488372093;2.10450223154043;41.3953488372093;20.7103317831575
"61";57.6744186046512;20.7135496415675;0.930232558139535;2.23868667878971;40.9302325581395;21.6611397590829
"62";54.4186046511628;20.8643296160783;1.3953488372093;2.1159687261038;43.7209302325581;22.0634528458164
"63";54.4186046511628;20.8643296160783;0.930232558139535;1.50714899962973;44.1860465116279;21.6465643099925
"64";54.8837209302326;22.525635611516;0.930232558139535;1.43896397526297;43.7209302325581;23.2409697918402
"65";54.8837209302326;24.6709003913969;0.930232558139535;1.54961220920537;44.1860465116279;25.5382299667056
"66";58.6046511627907;25.1455471157662;1.3953488372093;1.61121005355244;39.5348837209302;25.9207929423544
"67";58.6046511627907;25.1455471157662;1.3953488372093;1.41076752447471;39.5348837209302;25.7906871893786
"68";58.6046511627907;25.1455471157662;1.3953488372093;1.21287486608421;40;25.6616078588534
"69";58.6046511627907;25.1455471157662;0.930232558139535;1.29899907383897;40;25.5462761048092
"70";52.093023255814;23.543568578637;0.930232558139535;1.10719820597564;46.5116279069767;24.5070380946148
"71";52.093023255814;23.543568578637;0.930232558139535;1.10719820597564;46.5116279069767;24.5070380946148
"72";52.093023255814;23.543568578637;0.930232558139535;0.880450906325624;46.5116279069767;24.2886909565524
"73";52.093023255814;23.543568578637;0.930232558139535;0.880450906325624;46.5116279069767;24.2886909565524
"74";52.093023255814;23.543568578637;0.930232558139535;0.880450906325624;46.5116279069767;24.2886909565524
"75";52.093023255814;23.543568578637;0.930232558139535;0.930232558139535;46.5116279069767;24.4126976982413
"76";52.093023255814;23.543568578637;0.930232558139535;0.930232558139535;46.5116279069767;24.4126976982413
"77";52.093023255814;23.543568578637;0.930232558139535;0.805605026776222;46.9767441860465;24.3209564726094
"78";58.6046511627907;24.2083975435779;0.930232558139535;0.968216743937736;40.4651162790698;25.1736353423811
"79";68.8372093023256;22.6931943729636;0.930232558139535;0.657773749940974;29.7674418604651;23.3509681229046
"80";68.8372093023256;22.6931943729636;0.930232558139535;0.657773749940974;29.7674418604651;23.3509681229046
"81";68.8372093023256;22.6931943729636;0.930232558139535;0.328886874970487;30.2325581395349;23.0220812479341
"82";68.8372093023256;22.6931943729636;0.930232558139535;0.328886874970487;30.2325581395349;23.0220812479341
"83";68.8372093023256;22.6931943729636;0.465116279069767;0;30.2325581395349;22.6931943729636
"84";68.8372093023256;22.6931943729636;0.465116279069767;0;30.2325581395349;22.6931943729636
"85";68.8372093023256;22.6931943729636;0.465116279069767;0;30.2325581395349;22.6931943729636
"86";68.8372093023256;22.6931943729636;0.465116279069767;0;30.2325581395349;22.6931943729636
"87";68.8372093023256;22.6931943729636;0.465116279069767;0;30.2325581395349;22.6931943729636
"88";68.8372093023256;22.6931943729636;0.465116279069767;0;30.2325581395349;22.6931943729636
"89";68.8372093023256;22.6931943729636;0.465116279069767;0;30.2325581395349;22.6931943729636
"90";68.8372093023256;22.6931943729636;0.465116279069767;0;30.2325581395349;22.6931943729636
"91";68.8372093023256;22.6931943729636;0;0.328886874970487;30.6976744186047;22.3643074979931
"92";53.0232558139535;NA;0.465116279069767;NA;46.5116279069767;NA
"93";53.0232558139535;NA;0.465116279069767;NA;46.5116279069767;NA
