"allS";"sdAllS";"allI";"sdAllI";"allR";"sdAllR"
"1";100;0;0;0;0;0
"2";100;0;0;0;0;0
"3";98.3333333333333;0;1.66666666666667;0;0;0
"4";96.6666666666667;1.52943822580375;3.33333333333333;1.73331646415543;0;0.610579247554205
"5";91.6666666666667;5.4775221462718;6.66666666666667;5.59924342796079;0;0.845428789169647
"6";81.6666666666667;11.441275181455;16.6666666666667;10.732943605152;0;1.28623938856882
"7";68.3333333333333;17.7962781597689;30;16.7936340257506;1.66666666666667;2.82235473931074
"8";51.6666666666667;21.8459774793014;41.6666666666667;19.738900248153;5;3.33945516279433
"9";38.3333333333333;21.1355530163559;50;16.2879772413391;10;6.07348786958209
"10";26.6666666666667;18.8605130961055;56.6666666666667;13.791159430279;15;8.77854819982963
"11";20;17.3752556759295;58.3333333333333;12.5481100313743;21.6666666666667;9.93031273984415
"12";15;14.4245558149122;58.3333333333333;11.0858577399345;25;10.3621120440319
"13";11.6666666666667;10.0478837234644;56.6666666666667;9.38683893001468;31.6666666666667;11.441275181455
"14";8.33333333333333;5.30522618147439;55;9.68667638286762;36.6666666666667;11.0322980972774
"15";6.66666666666667;3.48901169593613;50;10.5089053427685;43.3333333333333;11.0397010829098
"16";5;2.81147857269194;48.3333333333333;11.3047867124674;46.6666666666667;11.1299880497208
"17";3.33333333333333;2.87966728288716;45;9.39336436627724;51.6666666666667;9.05118885052362
"18";3.33333333333333;3.01819103507101;38.3333333333333;10.6594261577757;58.3333333333333;9.46484724300046
"19";3.33333333333333;3.0350619939615;35;10.0214231309045;61.6666666666667;9.13765462392532
"20";3.33333333333333;3.12459147656535;31.6666666666667;9.0308566896513;65;7.84083912409473
"21";1.66666666666667;3.1796688691823;26.6666666666667;7.81213234429025;70;6.27852965594038
"22";1.66666666666667;3.05852499800127;25;7.187100372522;71.6666666666667;5.47946254699506
"23";1.66666666666667;3.05852499800127;21.6666666666667;7.4781817719536;75;5.96661463445382
"24";1.66666666666667;3.05852499800127;20;6.44230300233202;76.6666666666667;5.09909962576375
"25";1.66666666666667;3.05852499800127;18.3333333333333;6.72462550892569;78.3333333333333;5.47200241753568
"26";1.66666666666667;3.05852499800127;16.6666666666667;6.62055128719695;80;5.43642700328916
"27";1.66666666666667;3.05852499800127;15;6.97802339187225;81.6666666666667;5.80701345174593
"28";1.66666666666667;3.05852499800127;13.3333333333333;6.80163619300244;83.3333333333333;5.56269965493198
"29";1.66666666666667;3.05852499800127;11.6666666666667;6.19337090260666;85;5.23936831995584
"30";1.66666666666667;3.05852499800127;10;5.00408329998638;86.6666666666667;4.17645908126924
"31";1.66666666666667;3.05852499800127;10;4.77859470140139;86.6666666666667;4.42807442770048
"32";1.66666666666667;3.05852499800127;8.33333333333333;4.35130136044515;88.3333333333333;3.99908077673151
"33";1.66666666666667;3.05852499800127;8.33333333333333;4.16666666666667;88.3333333333333;3.72403867491834
"34";1.66666666666667;3.05852499800127;8.33333333333333;3.9939701282835;90;3.72677996249965
"35";1.66666666666667;3.05852499800127;6.66666666666667;3.41206050103821;90;3.2306487743591
"36";1.66666666666667;3.05852499800127;6.66666666666667;3.3729266204482;90;2.97387865394101
"37";1.66666666666667;3.05852499800127;5;3.39706236029581;91.6666666666667;3.12459147656535
"38";1.66666666666667;3.05852499800127;5;3.11804782231162;91.6666666666667;2.94281000388307
"39";1.66666666666667;3.05852499800127;3.33333333333333;3.39104453030861;93.3333333333333;3.39706236029581
"40";1.66666666666667;3.16227766016838;3.33333333333333;3.2244108604248;93.3333333333333;3.66233510382357
"41";1.66666666666667;2.99572344757639;3.33333333333333;3.09840638072576;93.3333333333333;3.36296354567275
"42";1.66666666666667;0.864790869437951;3.33333333333333;3.07781326154373;95;2.92961108043731
"43";0;0.870388279778489;3.33333333333333;2.50840338504148;95;2.40562612162344
"44";0;0.870388279778489;3.33333333333333;2.29825728150408;95;2.18562028425251
"45";0;0.870388279778489;3.33333333333333;2.56235371595269;95;2.59175070505859
"46";0;0.878410461157883;3.33333333333333;2.42161052418926;95;2.35702260395516
"47";0;0.878410461157883;3.33333333333333;2.42161052418926;95;2.35702260395516
"48";0;0.878410461157883;3.33333333333333;2.64983111504707;96.6666666666667;2.76385399196283
"49";1.66666666666667;0.890870806374748;3.33333333333333;2.54587538608658;95;2.32879377001924
"50";1.66666666666667;0.890870806374748;3.33333333333333;1.85449546754729;95;1.58531621868557
"51";1.66666666666667;0.890870806374748;1.66666666666667;1.31132632078241;96.6666666666667;0.962250448649376
"52";1.66666666666667;0.890870806374748;1.66666666666667;0.813250060790444;96.6666666666667;0.629940788348712
"53";1.66666666666667;0.890870806374748;1.66666666666667;1.15010926557059;96.6666666666667;0.813250060790444
"54";0;0.912870929175277;1.66666666666667;1.25462108784847;96.6666666666667;1.36082763487954
"55";1.66666666666667;0.912870929175277;1.66666666666667;1.39443337755679;96.6666666666667;0.74535599249993
"56";0;0.962250448649376;1.66666666666667;0;96.6666666666667;0.962250448649376
"57";0;0.962250448649376;1.66666666666667;0.833333333333333;96.6666666666667;0.833333333333333
"58";0;0.962250448649376;1.66666666666667;0;96.6666666666667;0.962250448649376
"59";0;0.962250448649376;1.66666666666667;0;96.6666666666667;0.962250448649376
"60";0;0.962250448649376;1.66666666666667;0;96.6666666666667;0.962250448649376
"61";0;0.962250448649376;1.66666666666667;0;96.6666666666667;0.962250448649376
"62";0;0.962250448649376;1.66666666666667;0;96.6666666666667;0.962250448649376
"63";0;0.962250448649376;1.66666666666667;0.962250448649376;98.3333333333333;1.66666666666667
"64";0;1.17851130197758;1.66666666666667;0;96.6666666666667;1.17851130197758
"65";0;1.17851130197758;1.66666666666667;0;96.6666666666667;1.17851130197758
"66";0;1.17851130197758;1.66666666666667;0;96.6666666666667;1.17851130197758
"67";0;1.17851130197758;1.66666666666667;0;96.6666666666667;1.17851130197758
"68";0;1.17851130197758;1.66666666666667;0;96.6666666666667;1.17851130197758
"69";0;1.17851130197758;1.66666666666667;0;96.6666666666667;1.17851130197758
"70";0;1.17851130197758;1.66666666666667;0;96.6666666666667;1.17851130197758
"71";0;1.17851130197758;1.66666666666667;0;96.6666666666667;1.17851130197758
"72";0;1.17851130197758;1.66666666666667;0;96.6666666666667;1.17851130197758
"73";0;1.17851130197758;1.66666666666667;0;96.6666666666667;1.17851130197758
"74";0;1.17851130197758;1.66666666666667;0;96.6666666666667;1.17851130197758
"75";0;1.17851130197758;1.66666666666667;0;96.6666666666667;1.17851130197758
"76";0;1.17851130197758;1.66666666666667;0;96.6666666666667;1.17851130197758
"77";0;1.17851130197758;0;1.17851130197758;98.3333333333333;2.35702260395516
"78";1.66666666666667;NA;1.66666666666667;NA;96.6666666666667;NA
"79";1.66666666666667;NA;1.66666666666667;NA;96.6666666666667;NA
"80";1.66666666666667;NA;1.66666666666667;NA;96.6666666666667;NA
"81";1.66666666666667;NA;1.66666666666667;NA;96.6666666666667;NA
"82";1.66666666666667;NA;1.66666666666667;NA;96.6666666666667;NA
"83";1.66666666666667;NA;1.66666666666667;NA;96.6666666666667;NA
"84";1.66666666666667;NA;1.66666666666667;NA;96.6666666666667;NA
"85";1.66666666666667;NA;1.66666666666667;NA;96.6666666666667;NA
"86";1.66666666666667;NA;1.66666666666667;NA;96.6666666666667;NA
"87";1.66666666666667;NA;1.66666666666667;NA;96.6666666666667;NA
"88";1.66666666666667;NA;1.66666666666667;NA;96.6666666666667;NA
"89";1.66666666666667;NA;1.66666666666667;NA;96.6666666666667;NA
"90";1.66666666666667;NA;1.66666666666667;NA;96.6666666666667;NA
