"allS";"sdAllS";"allI";"sdAllI";"allR";"sdAllR"
"1";100;0;0;0;0;0
"2";100;0;0;0;0;0
"3";98.5714285714286;0;1.42857142857143;0;0;0
"4";94.2857142857143;3.10572735884805;5.71428571428571;3.10572735884805;0;0
"5";78.5714285714286;11.0549841494007;21.4285714285714;10.6340353002478;0;1.0467072815215
"6";50;19.7670374105835;48.5714285714286;18.9288906200921;1.42857142857143;2.4645717388765
"7";22.8571428571429;18.9832873525916;72.8571428571428;18.2122584748303;4.28571428571429;3.51458523083316
"8";7.14285714285714;9.66573448843176;81.4285714285714;8.32057741944097;10;4.98924729938226
"9";2.85714285714286;3.51382110749967;81.4285714285714;5.53234799417741;15.7142857142857;5.86090104993067
"10";1.42857142857143;1.38077952422609;75.7142857142857;5.9333027592272;22.8571428571429;6.34659511884742
"11";0;0.864007598327571;68.5714285714286;6.5448957654054;30;6.65676852024434
"12";0;0.699086407042276;64.2857142857143;6.84765948238381;34.2857142857143;6.93068334606294
"13";0;0.634659511884742;58.5714285714286;6.08699905249634;40;6.22872318225838
"14";0;0.523353640760748;55.7142857142857;6.61143429013081;44.2857142857143;6.52352596204258
"15";0;0.523353640760748;51.4285714285714;6.01466164238648;48.5714285714286;5.9333027592272
"16";0;0.523353640760748;47.1428571428571;6.3933874270762;52.8571428571429;6.36518457320076
"17";0;0.523353640760748;42.8571428571429;6.0834688222139;55.7142857142857;6.03427375255137
"18";0;0.523353640760748;40;6.22311618729383;60;6.14888670684538
"19";0;0.523353640760748;37.1428571428571;5.9079040067484;61.4285714285714;5.83702762666929
"20";0;0.439705008036495;34.2857142857143;5.66662454439811;64.2857142857143;5.64763764382607
"21";0;0.439705008036495;32.8571428571429;6.05160407847901;65.7142857142857;6.01600086271905
"22";0;0.439705008036495;30;4.94654562712667;68.5714285714286;4.98332342441361
"23";0;0.439705008036495;27.1428571428571;4.95468184452353;71.4285714285714;4.98062842479818
"24";0;0.439705008036495;25.7142857142857;4.28821981898047;74.2857142857143;4.37009660773103
"25";0;0.439705008036495;22.8571428571429;4.3380265972357;75.7142857142857;4.39949220778475
"26";0;0.439705008036495;21.4285714285714;4.52704013388346;78.5714285714286;4.59065505740398
"27";0;0.439705008036495;20;4.33307168231517;80;4.39949220778475
"28";0;0.439705008036495;18.5714285714286;4.17848306570667;81.4285714285714;4.23465828929179
"29";0;0.439705008036495;17.1428571428571;4.31008110604765;81.4285714285714;4.40376267200234
"30";0;0.439705008036495;15.7142857142857;4.46973351810582;82.8571428571429;4.60933531792164
"31";0;0.439705008036495;14.2857142857143;4.14233857267826;84.2857142857143;4.22958228112717
"32";0;0.439705008036495;12.8571428571429;3.54198388461649;85.7142857142857;3.60510438939454
"33";0;0.439705008036495;12.8571428571429;3.21449456297274;87.1428571428571;3.32939258643817
"34";0;0.439705008036495;11.4285714285714;2.8898503821019;88.5714285714286;2.94142603351397
"35";0;0.439705008036495;10;3.13926657508258;88.5714285714286;3.22033682715702
"36";0;0.439705008036495;10;2.77610643118978;90;2.90467973095486
"37";0;0.439705008036495;8.57142857142857;2.45255735793986;90;2.61779418627947
"38";0;0.31943828249997;8.57142857142857;2.61676820380374;91.4285714285714;2.72632864563238
"39";0;0.31943828249997;7.14285714285714;2.42613765711196;91.4285714285714;2.55865666957077
"40";0;0.31943828249997;7.14285714285714;2.27062689782579;91.4285714285714;2.33936104453123
"41";0;0.31943828249997;5.71428571428571;2.47435829652697;92.8571428571429;2.55865666957077
"42";0;0.31943828249997;5.71428571428571;2.67361697184497;92.8571428571429;2.76544583299139
"43";0;0.31943828249997;5.71428571428571;2.78479838423113;94.2857142857143;2.8898503821019
"44";0;0.327736762672231;5.71428571428571;2.34814489781889;94.2857142857143;2.48398618619245
"45";0;0.327736762672231;4.28571428571429;2.08999115181848;94.2857142857143;2.21205455274348
"46";0;0.327736762672231;4.28571428571429;1.9542444801622;95.7142857142857;2.10705258716629
"47";0;0.336717514850737;4.28571428571429;1.76670554971669;95.7142857142857;1.88540585429968
"48";0;0.336717514850737;2.85714285714286;1.71304031948691;95.7142857142857;1.84969417672732
"49";0;0.336717514850737;2.85714285714286;1.70719042083375;95.7142857142857;1.8478904764673
"50";0;0.336717514850737;2.85714285714286;1.24657728011522;95.7142857142857;1.28607734266095
"51";0;0.336717514850737;2.85714285714286;1.18907480542247;97.1428571428571;1.24657728011522
"52";0;0.336717514850737;2.85714285714286;1.21405226514114;97.1428571428571;1.29640744710433
"53";0;0.346479464337619;2.85714285714286;1.24924947456458;97.1428571428571;1.34190919518246
"54";0;0.357142857142857;1.42857142857143;1.26437314736683;97.1428571428571;1.37704702294488
"55";0;0.381801774160606;2.85714285714286;0.92920519369713;97.1428571428571;1.07989849431208
"56";0;0.381801774160606;1.42857142857143;0.710350225855496;97.1428571428571;0.923151675226949
"57";0;0.381801774160606;1.42857142857143;0.763603548321213;97.1428571428571;0.827048890745485
"58";0;0.396214425875164;1.42857142857143;0.583211843519804;97.1428571428571;0.705068738275464
"59";0;0.412393049421161;1.42857142857143;0.609144903873173;97.1428571428571;0.735612357920625
"60";0;0.430730492253948;1.42857142857143;0.430730492253948;98.5714285714286;0
"61";0;0;1.42857142857143;0.451753951452626;98.5714285714286;0.451753951452626
"62";0;0;1.42857142857143;0.629940788348712;98.5714285714286;0.629940788348712
"63";0;0;1.42857142857143;0.539949247156039;98.5714285714286;0.539949247156039
"64";0;0;1.42857142857143;0.583211843519804;98.5714285714286;0.583211843519804
"65";0;0;1.42857142857143;0;98.5714285714286;0
"66";0;0;1.42857142857143;0;98.5714285714286;0
"67";0;0;1.42857142857143;0;98.5714285714286;0
"68";0;0;1.42857142857143;0;98.5714285714286;0
"69";0;0;1.42857142857143;0;98.5714285714286;0
"70";0;0;1.42857142857143;0.63887656499994;98.5714285714286;0.63887656499994
"71";0;0;1.42857142857143;0;98.5714285714286;0
"72";0;0;1.42857142857143;0;98.5714285714286;0
"73";0;0;1.42857142857143;0;98.5714285714286;0
"74";0;0;1.42857142857143;0.714285714285714;98.5714285714286;0.714285714285714
"75";0;0;1.42857142857143;0;98.5714285714286;0
"76";0;0;1.42857142857143;0;98.5714285714286;0
"77";0;0;1.42857142857143;0;98.5714285714286;0
"78";0;0;1.42857142857143;0.824786098842322;98.5714285714286;0.824786098842322
"79";0;0;1.42857142857143;0;98.5714285714286;0
"80";0;0;1.42857142857143;0;98.5714285714286;0
"81";0;0;0;1.01015254455221;98.5714285714286;1.01015254455221
"82";0;NA;1.42857142857143;NA;98.5714285714286;NA
"83";0;NA;1.42857142857143;NA;98.5714285714286;NA
"84";0;NA;1.42857142857143;NA;98.5714285714286;NA
"85";0;NA;1.42857142857143;NA;98.5714285714286;NA
"86";0;NA;1.42857142857143;NA;98.5714285714286;NA
"87";0;NA;1.42857142857143;NA;98.5714285714286;NA
"88";0;NA;1.42857142857143;NA;98.5714285714286;NA
"89";0;NA;1.42857142857143;NA;98.5714285714286;NA
"90";0;NA;1.42857142857143;NA;98.5714285714286;NA
