"allS";"sdAllS";"allI";"sdAllI";"allR";"sdAllR"
"1";100;0;0;0;0;0
"2";100;0;0;0;0;0
"3";98.5714285714286;0;1.42857142857143;0;0;0
"4";94.2857142857143;3.15292304662138;5.71428571428571;3.27736762672231;0;0.523353640760748
"5";80;10.3587631607865;20;10.1701422689233;0;0.980475344504657
"6";50;17.0397904204395;48.5714285714286;16.5336619165113;1.42857142857143;2.1290280582017
"7";18.5714285714286;13.0624789609706;75.7142857142857;11.91989013711;5.71428571428571;3.46456668886142
"8";5.71428571428571;4.8919583719827;82.8571428571429;4.73803541479343;10;4.72441381857141
"9";1.42857142857143;1.75882003214598;81.4285714285714;4.73576786959785;17.1428571428571;4.94871659305393
"10";0;0.838775640874857;75.7142857142857;4.78259914324668;24.2857142857143;5.05395167144629
"11";0;0.634659511884742;68.5714285714286;5.9693992306664;30;5.94460645162164
"12";0;0.634659511884742;64.2857142857143;5.96984905540843;34.2857142857143;5.86776956400672
"13";0;0.634659511884742;60;4.57131108871595;40;4.41898064075073
"14";0;0.586273344048659;54.2857142857143;4.90237672252328;45.7142857142857;4.87160606472228
"15";0;0.523353640760748;50;5.83104399862118;50;5.70676196419689
"16";0;0.523353640760748;45.7142857142857;6.08744018733422;54.2857142857143;5.90426669440931
"17";0;0.523353640760748;41.4285714285714;5.35325673584913;58.5714285714286;5.20007849234323
"18";0;0.439705008036495;38.5714285714286;5.86776956400672;61.4285714285714;5.80519786348035
"19";0;0.31943828249997;34.2857142857143;5.74241198289625;64.2857142857143;5.6285866951436
"20";0;0.31943828249997;32.8571428571429;6.13839670198102;67.1428571428571;6.03026737360851
"21";0;0.31943828249997;28.5714285714286;6.32922398577296;70;6.26140205916448
"22";0;0.31943828249997;27.1428571428571;5.69734330459359;72.8571428571428;5.59797032421623
"23";0;0.31943828249997;25.7142857142857;5.25401999434402;74.2857142857143;5.15026617522023
"24";0;0.31943828249997;22.8571428571429;5.02624689950035;75.7142857142857;4.94600273675274
"25";0;0.31943828249997;21.4285714285714;4.06974638774703;78.5714285714286;3.98372090179717
"26";0;0.31943828249997;18.5714285714286;3.91299029110218;80;3.83325938999964
"27";0;0.31943828249997;17.1428571428571;3.93284115206677;81.4285714285714;3.83536038187566
"28";0;0.31943828249997;15.7142857142857;3.81077673631629;82.8571428571429;3.73317924596341
"29";0;0.31943828249997;14.2857142857143;3.73964736385866;84.2857142857143;3.68685649958741
"30";0;0.31943828249997;12.8571428571429;3.44591478113432;85.7142857142857;3.41853166637782
"31";0;0.31943828249997;11.4285714285714;3.59839443848346;87.1428571428571;3.57218037199925
"32";0;0.31943828249997;11.4285714285714;3.83536038187566;88.5714285714286;3.77680182278511
"33";0;0.31943828249997;10;3.70429541360813;88.5714285714286;3.65246411240053
"34";0;0.31943828249997;10;3.54804374171538;90;3.50770212835518
"35";0;0.31943828249997;8.57142857142857;3.03930570397109;90;3.02069482194146
"36";0;0.31943828249997;7.14285714285714;2.90467973095486;91.4285714285714;2.90929840095885
"37";0;0.31943828249997;7.14285714285714;2.87494454249973;92.8571428571429;2.89449271502559
"38";0;0.31943828249997;7.14285714285714;2.60029742990158;92.8571428571429;2.63823004821897
"39";0;0.31943828249997;5.71428571428571;2.4645717388765;92.8571428571429;2.52165700045168
"40";0;0.31943828249997;5.71428571428571;2.2456545937082;94.2857142857143;2.27062689782579
"41";0;0.31943828249997;5.71428571428571;2.13783873516514;94.2857142857143;2.1290280582017
"42";0;0.31943828249997;4.28571428571429;1.84670287079927;94.2857142857143;1.85974369646501
"43";0;0.31943828249997;4.28571428571429;2.03487319387352;95.7142857142857;1.96095068900931
"44";0;0.327736762672231;4.28571428571429;1.80172438652746;95.7142857142857;1.73077560607715
"45";0;0.327736762672231;2.85714285714286;1.7410881637051;95.7142857142857;1.67470314509154
"46";0;0.327736762672231;2.85714285714286;1.46568336012165;95.7142857142857;1.42019263824633
"47";0;0.336717514850737;2.85714285714286;1.42623525132784;95.7142857142857;1.37625977552249
"48";0;0.336717514850737;2.85714285714286;1.43323235915586;97.1428571428571;1.40740623734825
"49";0;0.346479464337619;2.85714285714286;1.07492426936689;97.1428571428571;1.03943839301286
"50";0;0.346479464337619;2.85714285714286;1.21267812518166;97.1428571428571;1.18767176681534
"51";0;0.357142857142857;2.85714285714286;1.07142857142857;97.1428571428571;1.02685041204037
"52";0;0.357142857142857;2.85714285714286;1.24744637118378;97.1428571428571;1.22335548368239
"53";0;0.368855556781659;2.85714285714286;1.1411551953114;97.1428571428571;1.10656667034498
"54";0;0.368855556781659;2.85714285714286;1.1411551953114;97.1428571428571;1.10656667034498
"55";0;0.368855556781659;2.85714285714286;1.30036998547543;97.1428571428571;1.28533630120348
"56";0;0.381801774160606;1.42857142857143;1.21661518178949;97.1428571428571;1.22121487752159
"57";0;0.396214425875164;1.42857142857143;1.37252703261503;97.1428571428571;1.38202560292406
"58";0;0.430730492253948;1.42857142857143;1.33456961856261;97.1428571428571;1.33456961856261
"59";0;0.451753951452626;2.85714285714286;1.20467720387367;97.1428571428571;1.17610371764081
"60";0;0.451753951452626;2.85714285714286;1.20467720387367;97.1428571428571;1.17610371764081
"61";0;0.451753951452626;2.85714285714286;1.20467720387367;97.1428571428571;1.17610371764081
"62";0;0.451753951452626;2.85714285714286;1.01015254455221;97.1428571428571;0.998865569685859
"63";0;0.451753951452626;1.42857142857143;1.35526185435788;97.1428571428571;1.20467720387367
"64";0;0;2.85714285714286;1.07989849431208;97.1428571428571;1.07989849431208
"65";0;0;2.85714285714286;1.07989849431208;97.1428571428571;1.07989849431208
"66";0;0;2.85714285714286;1.07989849431208;97.1428571428571;1.07989849431208
"67";0;0;1.42857142857143;1.06289115591835;97.1428571428571;1.06289115591835
"68";0;0;1.42857142857143;1.06289115591835;97.1428571428571;1.06289115591835
"69";0;0;1.42857142857143;1.19217565770897;97.1428571428571;1.19217565770897
"70";0;0;1.42857142857143;0.539949247156039;97.1428571428571;0.539949247156039
"71";0;0;1.42857142857143;0.539949247156039;97.1428571428571;0.539949247156039
"72";0;0;1.42857142857143;0.539949247156039;97.1428571428571;0.539949247156039
"73";0;0;1.42857142857143;0;98.5714285714286;0
"74";0;0;1.42857142857143;0;98.5714285714286;0
"75";0;0;1.42857142857143;0;98.5714285714286;0
"76";0;0;1.42857142857143;0.539949247156039;98.5714285714286;0.539949247156039
"77";0;0;1.42857142857143;0;98.5714285714286;0
"78";0;0;1.42857142857143;0;98.5714285714286;0
"79";0;0;1.42857142857143;0.583211843519804;98.5714285714286;0.583211843519804
"80";0;0;1.42857142857143;0.63887656499994;98.5714285714286;0.63887656499994
"81";0;0;1.42857142857143;0;98.5714285714286;0
"82";0;0;0;0.824786098842322;98.5714285714286;0.824786098842322
"83";0;0;1.42857142857143;0;98.5714285714286;0
"84";0;0;0;1.01015254455221;98.5714285714286;1.01015254455221
"85";0;NA;1.42857142857143;NA;98.5714285714286;NA
"86";0;NA;1.42857142857143;NA;98.5714285714286;NA
"87";0;NA;1.42857142857143;NA;98.5714285714286;NA
"88";0;NA;1.42857142857143;NA;98.5714285714286;NA
"89";0;NA;1.42857142857143;NA;98.5714285714286;NA
"90";0;NA;1.42857142857143;NA;98.5714285714286;NA
