"allS";"sdAllS";"allI";"sdAllI";"allR";"sdAllR"
"1";100;0;0;0;0;0
"2";100;0;0;0;0;0
"3";99.21875;0;0.78125;0;0;0
"4";97.65625;2.10967955891005;2.34375;2.10396174310451;0;0.174692810742171
"5";90.625;8.78222961734714;9.375;8.47177189239126;0;0.458705428603437
"6";72.65625;18.2848606842546;25.78125;17.3374884975107;0.78125;1.42203765697742
"7";46.875;17.6379643694109;49.21875;14.9803175435324;3.90625;3.54739525531431
"8";30.46875;18.0156437330906;61.71875;15.3914971780176;7.8125;4.87379170808174
"9";23.4375;19.3002061521721;62.5;16.3044788340517;13.28125;6.49369789581656
"10";19.53125;19.9776897781893;60.15625;15.9707582826731;20.3125;7.56975830583933
"11";15.625;18.1728932716321;57.8125;13.2462112291819;25.78125;8.66988979146329
"12";13.28125;13.1015421451791;54.6875;8.55874760492134;32.03125;9.17847876985041
"13";10.9375;8.77041924759557;50.78125;6.85747729808789;37.5;10.1375755288
"14";9.375;5.47731443055073;47.65625;8.19150622467946;42.1875;9.82584577530929
"15";8.59375;4.66617562411289;42.96875;7.95619485435453;47.65625;8.93579014907105
"16";7.8125;4.58880473612138;39.84375;8.18858373091331;51.5625;8.32662873672659
"17";7.8125;4.58880473612138;35.9375;7.45933796224352;55.46875;7.51010455111434
"18";7.8125;4.54337423208632;32.03125;6.4486964094244;59.375;7.00937273714993
"19";7.8125;4.5545553760167;29.6875;5.74880352401442;62.5;6.24505140079489
"20";7.8125;4.58097400560989;26.5625;5.26622240773331;65.625;5.93253280574304
"21";7.8125;4.60095938163047;23.4375;4.90133842556583;68.75;5.55972273373603
"22";7.8125;4.60095938163047;21.09375;4.98306498115501;71.09375;5.5760224761394
"23";7.8125;4.5396410642965;19.53125;5.14611272014831;72.65625;5.79786271270155
"24";7.8125;4.61135215018134;17.96875;4.62495721804979;74.21875;5.1352485629528
"25";7.8125;4.61135215018134;16.40625;4.1525207943007;75.78125;4.67642345993538
"26";7.8125;4.61135215018134;14.84375;3.88525813822629;77.34375;4.66638935023801
"27";7.8125;4.61135215018134;13.28125;3.46289085179862;78.90625;4.52225237792504
"28";7.8125;4.61135215018134;12.5;3.40275302820464;79.6875;4.74753897589208
"29";7.8125;4.61135215018134;10.9375;3.41328789250663;81.25;5.07173822222433
"30";7.8125;4.61135215018134;9.375;3.40011421196579;82.8125;5.2519998549611
"31";7.8125;4.61135215018134;8.59375;3.34481449902442;83.59375;5.28512627499543
"32";7.8125;4.61135215018134;7.8125;2.93304716132064;84.375;4.57901423054454
"33";7.8125;4.61135215018134;7.03125;2.90537467491441;85.15625;4.68941443749048
"34";7.8125;4.61135215018134;6.25;2.50301403789453;85.15625;4.54666565815281
"35";7.8125;4.61135215018134;6.25;2.40880241399096;85.9375;4.41128597280017
"36";7.8125;4.61135215018134;5.46875;2.34332444393657;86.71875;4.43563548235796
"37";7.8125;4.61135215018134;4.6875;2.30859390119908;86.71875;4.40698834668143
"38";7.8125;4.61135215018134;4.6875;2.14047329921415;87.5;4.37040199557674
"39";7.8125;4.61135215018134;3.90625;1.99580611779921;88.28125;4.3456869887754
"40";7.8125;4.61135215018134;3.90625;1.71872678980169;88.28125;4.3337369014565
"41";7.8125;4.61135215018134;3.125;1.64034535042725;89.0625;4.38861967352935
"42";7.8125;4.61135215018134;3.125;1.52175741634177;89.0625;4.47503229166426
"43";7.03125;4.62824449616357;3.125;1.41160133762938;89.84375;4.66494650886874
"44";7.03125;4.62824449616357;2.34375;1.34651519521908;89.84375;4.59759836552722
"45";7.03125;4.62824449616357;2.34375;1.36636661280501;89.84375;4.67071520007792
"46";7.03125;4.62824449616357;2.34375;1.23162622088763;89.84375;4.77805830489558
"47";7.03125;4.62824449616357;2.34375;1.14279168205958;90.625;4.73797123655464
"48";7.03125;4.76685221562122;1.5625;1.171875;90.625;4.82412649625017
"49";7.03125;4.91155972159654;1.5625;1.09693414065229;90.625;4.92751118146396
"50";7.03125;4.91155972159654;1.5625;1.04259631135564;90.625;4.96570268189709
"51";7.03125;5.08818609192352;1.5625;0.911969211874279;90.625;5.05777701611886
"52";7.03125;4.90130712141133;1.5625;0.871221523556997;91.40625;5.05689286664683
"53";7.03125;4.90130712141133;1.5625;0.724069293747108;91.40625;5.1291049265692
"54";7.03125;4.90130712141133;1.5625;0.750600720961346;91.40625;5.18750844724366
"55";7.03125;4.90130712141133;1.5625;0.685201577583617;91.40625;5.215339838535
"56";7.03125;4.90130712141133;0.78125;0.755795251599098;91.40625;5.26164621324899
"57";7.03125;5.03514738822186;1.5625;0.78125;91.40625;5.40710316332551
"58";7.8125;5.1154116236668;1.5625;0.722200216982168;90.625;5.41060813566528
"59";7.8125;5.1154116236668;0.78125;0.640780884581816;91.40625;5.39005884708136
"60";7.8125;5.08713143628116;0.78125;0.546254608421954;90.625;5.21093684928365
"61";7.8125;5.08713143628116;0.78125;0.576456865134861;90.625;5.06374834574426
"62";7.8125;5.6327064644765;0.78125;0.361648476473653;91.40625;5.5626112925263
"63";7.8125;5.6327064644765;0.78125;0.500679644110668;91.40625;5.72197532973598
"64";8.59375;5.12299884711094;0.78125;0.295284744538459;89.84375;5.01114828585796
"65";8.59375;5.12299884711094;0.78125;0.451054897804395;90.625;5.06307867063114
"66";8.59375;5.56097825626631;0.78125;0.318943976924893;89.84375;5.42954698559189
"67";8.59375;5.56097825626631;0.78125;0.494105884401309;89.84375;5.51690111536057
"68";9.375;6.05153647844909;0.78125;0.349385621484342;89.0625;5.88276581156772
"69";9.375;6.05153647844909;0.78125;0.55242717280199;89.84375;5.60652347437786
"70";7.03125;4.24926272710435;0.78125;0.390625;91.40625;4.05949408023956
"71";7.03125;4.24926272710435;0.78125;0.390625;91.40625;4.05949408023956
"72";7.03125;4.24926272710435;0.78125;0.637887953849786;91.40625;4.24926272710435
"73";7.8125;4.77351634891233;0.78125;0.451054897804395;90.625;4.44237554927916
"74";7.8125;4.77351634891233;0.78125;0.451054897804395;90.625;4.44237554927916
"75";7.8125;4.77351634891233;0.78125;0.78125;90.625;4.00906362456788
"76";5.46875;2.20970869120796;1.5625;0.55242717280199;92.96875;1.65728151840597
"77";5.46875;2.20970869120796;0.78125;0;93.75;2.20970869120796
"78";5.46875;2.20970869120796;0.78125;0;93.75;2.20970869120796
"79";5.46875;2.20970869120796;0;0.55242717280199;93.75;2.76213586400995
"80";7.03125;NA;0.78125;NA;92.1875;NA
"81";7.03125;NA;0.78125;NA;92.1875;NA
"82";7.03125;NA;0.78125;NA;92.1875;NA
"83";7.03125;NA;0.78125;NA;92.1875;NA
"84";7.03125;NA;0.78125;NA;92.1875;NA
"85";7.03125;NA;0.78125;NA;92.1875;NA
"86";7.03125;NA;0.78125;NA;92.1875;NA
"87";7.03125;NA;0.78125;NA;92.1875;NA
"88";7.03125;NA;0.78125;NA;92.1875;NA
"89";7.03125;NA;0.78125;NA;92.1875;NA
"90";7.03125;NA;0.78125;NA;92.1875;NA
"91";7.03125;NA;0.78125;NA;92.1875;NA
"92";7.03125;NA;0.78125;NA;92.1875;NA
"93";7.03125;NA;0.78125;NA;92.1875;NA
