"allS";"sdAllS";"allI";"sdAllI";"allR";"sdAllR"
"1";100;0;0;0;0;0
"2";100;0;0;0;0;0
"3";99.21875;0;0.78125;0;0;0
"4";96.875;3.14829924520137;3.125;3.18482012926265;0;0.240463676269958
"5";88.28125;10.6782533056032;10.9375;10.4585574891229;0;0.541002038267285
"6";70.3125;19.2354241424719;28.125;18.2432589639096;0.78125;1.32921298316156
"7";50.78125;25.1150950770845;43.75;22.2260945833413;4.6875;3.47285036350479
"8";37.5;27.178187682235;53.90625;22.8267774555641;8.59375;5.68350524030026
"9";29.6875;26.6801525615435;57.03125;21.1219894358566;13.28125;7.57025754793754
"10";18.75;15.6040504982717;61.71875;10.5048541837852;19.53125;8.55921369148733
"11";14.0625;9.20809436657587;60.15625;5.28210620259168;25.78125;8.71715375172711
"12";10.9375;5.94864928654855;57.03125;6.26864177594106;32.03125;8.93668296919109
"13";9.375;4.32290743856799;52.34375;6.63754554222895;37.5;7.91509937562512
"14";7.8125;4.10104576771448;48.4375;6.35193126059934;42.96875;7.20636820799375
"15";7.8125;4.16690601334617;43.75;6.0957070659091;48.4375;6.74190180065728
"16";7.03125;4.02173052382305;40.625;6.44374563173812;52.34375;6.59110537290709
"17";6.25;4.07273879432068;37.5;7.10223675161714;55.46875;7.09043153752126
"18";6.25;4.0680835341383;33.59375;6.15885983423235;60.15625;5.66896849875436
"19";6.25;4.08862460106968;29.6875;5.70474406801356;64.0625;5.37141287859123
"20";6.25;4.08862460106968;26.5625;5.40029961505783;66.40625;5.1257235361255
"21";6.25;4.00159377715342;24.21875;5.11403607650846;68.75;5.05519347869358
"22";6.25;4.04817736664663;22.65625;5.09528037979195;71.09375;4.85308043472209
"23";6.25;4.06612183008974;20.3125;4.54754296943124;73.4375;4.32290743856799
"24";6.25;4.06612183008974;17.96875;4.02445737319863;75.78125;4.44215104514513
"25";5.46875;4.10979104761609;16.40625;3.83903569698441;77.34375;4.30533833029138
"26";5.46875;4.10979104761609;14.84375;3.452507347609;78.90625;3.88833719680351
"27";5.46875;4.10979104761609;13.28125;3.29887984801417;80.46875;4.38680131021387
"28";5.46875;4.10979104761609;12.5;3.32537730057455;81.25;4.68664888787315
"29";5.46875;4.10979104761609;10.9375;2.89195644791022;82.8125;4.2886275200725
"30";5.46875;4.10979104761609;9.375;2.61486771947636;84.375;4.49104955926684
"31";5.46875;4.10979104761609;9.375;2.69636128891654;85.15625;4.47168813952826
"32";5.46875;4.10979104761609;7.8125;2.73565125444522;85.9375;4.53084500669281
"33";5.46875;4.10979104761609;7.03125;2.51692088217413;86.71875;4.60160961732538
"34";5.46875;4.10979104761609;6.25;1.91626784133814;87.5;4.50988561323736
"35";5.46875;4.10979104761609;6.25;1.76227476919246;88.28125;4.33304646780965
"36";5.46875;4.10979104761609;5.46875;1.75717410793246;88.28125;4.48571682487945
"37";5.46875;4.10979104761609;4.6875;1.82017914197048;89.0625;4.65097596593035
"38";5.46875;4.10979104761609;4.6875;1.9100123257075;89.0625;4.70470189267047
"39";5.46875;4.10979104761609;3.90625;1.73662165695691;89.84375;4.48037774325137
"40";5.46875;4.10979104761609;3.90625;1.69064495279565;89.84375;4.2475021043948
"41";5.46875;4.10979104761609;3.125;1.6764276440184;90.625;4.15348135892014
"42";5.46875;4.10979104761609;3.125;1.77748893435788;90.625;4.22183151195775
"43";6.25;4.17933315224169;2.34375;1.51584765647708;90.625;4.07714413773329
"44";5.46875;4.03656333868795;2.34375;1.56818626781799;91.40625;4.26837136863992
"45";5.46875;3.72105645760909;2.34375;1.32713986573167;92.1875;4.02931154944613
"46";5.46875;3.72105645760909;2.34375;1.25972777317165;92.1875;4.00325969300555
"47";5.46875;3.81723789665827;2.34375;1.03592741270593;92.1875;3.98066144816459
"48";5.46875;3.81723789665827;2.34375;1.00303240432245;92.1875;4.02589768950819
"49";5.46875;3.81723789665827;1.5625;1.134801623754;92.1875;3.9620838007669
"50";4.6875;3.84873523649953;1.5625;1.17354315031064;92.96875;4.11976558186497
"51";4.6875;3.8628028881805;1.5625;0.846581773008462;92.96875;4.1406920020308
"52";4.6875;3.8628028881805;1.5625;0.961652273276037;92.96875;4.18014657808781
"53";4.6875;4.0416861917679;1.5625;0.930370618966637;92.96875;4.43821017044545
"54";4.6875;4.0416861917679;1.5625;0.988211768802619;92.96875;4.5529944566985
"55";4.6875;4.0416861917679;0.78125;0.640780884581816;93.75;4.50521517559473
"56";4.6875;4.24806558305268;0.78125;0.527303560711369;93.75;4.58806573865526
"57";4.6875;4.24806558305268;0.78125;0.329403922934206;93.75;4.40789345828405
"58";4.6875;4.24806558305268;0.78125;0.247052942200655;93.75;4.42248535736537
"59";4.6875;4.24806558305268;0.78125;0.368284781867994;93.75;4.40481532001879
"60";4.6875;4.47848529216663;0.78125;0.260416666666667;93.75;4.66756466899347
"61";4.6875;4.47848529216663;0.78125;0.260416666666667;93.75;4.66756466899347
"62";4.6875;4.47848529216663;0.78125;0.46947282232604;94.53125;4.73607642694615
"63";5.46875;4.97914643102084;0.78125;0.451054897804395;93.75;5.23801068654704
"64";5.46875;5.42204760772318;0.78125;0.318943976924893;93.75;5.65530033464183
"65";5.46875;5.42204760772318;0.78125;0.494105884401309;93.75;5.72857478003182
"66";5.46875;5.93955556523382;0.78125;0.349385621484342;92.96875;6.19112898629967
"67";5.46875;5.93955556523382;0.78125;0;92.96875;5.93955556523382
"68";5.46875;5.93955556523382;0.78125;0;92.96875;5.93955556523382
"69";5.46875;5.93955556523382;0.78125;0;92.96875;5.93955556523382
"70";5.46875;5.93955556523382;0.78125;0;92.96875;5.93955556523382
"71";5.46875;5.93955556523382;0.78125;0.349385621484342;92.96875;6.03638867877558
"72";6.25;6.640625;0.78125;0;92.1875;6.640625
"73";6.25;6.640625;0.78125;0.390625;92.96875;6.37887953849786
"74";3.90625;5.91552952687528;0.78125;0;94.53125;5.91552952687528
"75";3.90625;5.91552952687528;0.78125;0;94.53125;5.91552952687528
"76";3.90625;5.91552952687528;0.78125;0;94.53125;5.91552952687528
"77";3.90625;5.91552952687528;0.78125;0;94.53125;5.91552952687528
"78";3.90625;5.91552952687528;0.78125;0;94.53125;5.91552952687528
"79";3.90625;5.91552952687528;0.78125;0;94.53125;5.91552952687528
"80";3.90625;5.91552952687528;0.78125;0;94.53125;5.91552952687528
"81";3.90625;5.91552952687528;0.78125;0;94.53125;5.91552952687528
"82";3.90625;5.91552952687528;0.78125;0;94.53125;5.91552952687528
"83";3.90625;5.91552952687528;0.78125;0;94.53125;5.91552952687528
"84";3.90625;5.91552952687528;0.78125;0.451054897804395;95.3125;6.20097963530763
"85";6.25;6.62912607362388;0.78125;0;92.96875;6.62912607362388
"86";6.25;6.62912607362388;0.78125;0;92.96875;6.62912607362388
"87";6.25;6.62912607362388;0.78125;0;92.96875;6.62912607362388
"88";6.25;6.62912607362388;0.78125;0;92.96875;6.62912607362388
"89";6.25;6.62912607362388;0.78125;0;92.96875;6.62912607362388
"90";6.25;6.62912607362388;0.78125;0;92.96875;6.62912607362388
"91";6.25;6.62912607362388;0.78125;0;92.96875;6.62912607362388
"92";6.25;6.62912607362388;0.78125;0;92.96875;6.62912607362388
"93";6.25;6.62912607362388;0;0.55242717280199;92.96875;7.18155324642587
