"allS";"sdAllS";"allI";"sdAllI";"allR";"sdAllR"
"1";100;0;0;0;0;0
"2";100;0;0;0;0;0
"3";98.3333333333333;0;1.66666666666667;0;0;0
"4";96.6666666666667;1.94214567542226;3.33333333333333;1.8015587792486;0;0.683985568056769
"5";93.3333333333333;5.17528991757893;6.66666666666667;4.72952651463459;0;0.952067617629132
"6";86.6666666666667;11.0060456538973;11.6666666666667;10.1231452708849;0;1.86535041312422
"7";78.3333333333333;15.2433157306387;18.3333333333333;13.588565884854;1.66666666666667;2.56494588021289
"8";71.6666666666667;18.0381157340025;23.3333333333333;15.4644365536132;3.33333333333333;4.47540386625407
"9";63.3333333333333;18.8898500332166;28.3333333333333;13.8960765715124;8.33333333333333;5.4997194092287
"10";56.6666666666667;18.3182251077059;31.6666666666667;11.7190699847381;11.6666666666667;7.69564477081906
"11";50;18.3367990386353;35;11.7573506419451;13.3333333333333;8.32134213519727
"12";45;17.6869103402946;36.6666666666667;11.1180533867719;18.3333333333333;9.39336436627724
"13";41.6666666666667;16.7925529021118;36.6666666666667;10.7692507202126;21.6666666666667;10.6574033851394
"14";36.6666666666667;16.7668557273089;36.6666666666667;11.2350118022225;25;10.3847550406787
"15";35;16.9571633395972;36.6666666666667;10.940271590946;26.6666666666667;10.2868269648655
"16";33.3333333333333;16.6851749085347;35;10.2403930570896;30;10.8699314768895
"17";31.6666666666667;16.1816688023442;31.6666666666667;8.95806416477616;35;12.0475486195934
"18";30;14.4846098176177;30;7.62989666812753;38.3333333333333;12.1106763728414
"19";30;12.6313002428196;28.3333333333333;7.36842958430442;41.6666666666667;12.6215945024803
"20";26.6666666666667;9.94355894841676;28.3333333333333;8.02365782965103;43.3333333333333;12.7728038059811
"21";25;8.22754199924316;28.3333333333333;8.89756521002609;45;12.6485365031592
"22";25;7.3431307102251;26.6666666666667;9.50528271115735;48.3333333333333;12.630222195543
"23";23.3333333333333;7.07684247008546;25;8.94437340125239;51.6666666666667;11.7000766559258
"24";23.3333333333333;6.38000234483626;23.3333333333333;9.29280415968866;53.3333333333333;10.7881999335768
"25";23.3333333333333;6.24264272846798;21.6666666666667;8.53301078502606;55;9.66016609614366
"26";21.6666666666667;6.33717347172602;20;9.42471988723251;56.6666666666667;9.56810621281123
"27";21.6666666666667;6.54297008371121;18.3333333333333;9.28058546221214;60;9.82785749089254
"28";21.6666666666667;6.54019469860916;16.6666666666667;9.15651051558818;61.6666666666667;9.42809041582064
"29";21.6666666666667;6.65576450619658;15;9.50671512850234;63.3333333333333;9.4454055643212
"30";21.6666666666667;6.64211164155071;13.3333333333333;8.37354134318321;65;8.34095512016642
"31";21.6666666666667;6.69452241432098;13.3333333333333;8.14102729051763;65;8.28416869579514
"32";21.6666666666667;6.67211106664851;11.6666666666667;8.16274193185367;66.6666666666667;8.28416869579514
"33";20;6.72158750311945;10;7.07106781186548;68.3333333333333;7.73858003221732
"34";20;6.79345663221589;10;6.44582473385965;68.3333333333333;7.39793784688322
"35";20;6.767349740682;8.33333333333333;6.56789577429185;70;7.2941366809319
"36";20;6.83608266069032;8.33333333333333;5.65354754598887;70;6.823455850654
"37";20;6.83608266069032;6.66666666666667;4.64420364012824;71.6666666666667;6.2622429108515
"38";20;6.83608266069032;6.66666666666667;4.39101876010955;73.3333333333333;6.39137490706142
"39";20;6.83608266069032;5;4.16176181897865;73.3333333333333;6.28828145522532
"40";20;6.57411243046284;5;3.66878281181394;73.3333333333333;6.53359843399731
"41";20;6.77345034894548;5;2.97364970912725;75;6.41179468722378
"42";20;6.77345034894548;3.33333333333333;2.35456609197565;75;6.20539639704382
"43";20;6.77345034894548;3.33333333333333;2.46972408115503;75;6.44689847911381
"44";20;7.13124819752481;3.33333333333333;1.96116135138184;76.6666666666667;6.91832695550361
"45";20;7.13124819752481;3.33333333333333;1.98052175511061;76.6666666666667;7.04620196623416
"46";20;7.42243845327077;3.33333333333333;2.19264504826757;76.6666666666667;7.40322175189237
"47";20;8.0903983495589;3.33333333333333;1.97202659436654;76.6666666666667;8.0903983495589
"48";20;7.7132969277054;3.33333333333333;2.29183883650776;76.6666666666667;8.34241928914866
"49";20;7.97372227467073;3.33333333333333;2.22222222222222;76.6666666666667;8.42541716005728
"50";20;7.97372227467073;3.33333333333333;2.45954929124207;76.6666666666667;8.7418392278982
"51";20;8.24957911384305;3.33333333333333;2.35702260395516;75;8.77971146071062
"52";20;8.24957911384305;3.33333333333333;2.20479275922049;76.6666666666667;8.53912563829966
"53";20;8.18620112682854;3.33333333333333;2.31455024943138;76.6666666666667;8.95037021491999
"54";18.3333333333333;7.63762615825973;3.33333333333333;2.02497632097985;78.3333333333333;9.20087412456472
"55";18.3333333333333;7.84269956761934;3.33333333333333;2.24197569711516;78.3333333333333;9.41405006489442
"56";18.3333333333333;8.27759134763963;3.33333333333333;2.10818510677892;76.6666666666667;9.75628951934008
"57";18.3333333333333;8.27759134763963;3.33333333333333;2.10818510677892;76.6666666666667;9.75628951934008
"58";18.3333333333333;8.27759134763963;3.33333333333333;1.39443337755679;78.3333333333333;9.33432534410654
"59";18.3333333333333;7.63156214288665;3.33333333333333;2.01843356939833;78.3333333333333;9.33432534410654
"60";18.3333333333333;7.63156214288665;3.33333333333333;1.39443337755679;78.3333333333333;8.67093911783408
"61";18.3333333333333;7.63156214288665;1.66666666666667;0.86066296582387;78.3333333333333;8.01040989379861
"62";18.3333333333333;7.63156214288665;1.66666666666667;1.25462108784847;78.3333333333333;8.07373427759331
"63";18.3333333333333;8.53098926137982;1.66666666666667;0.912870929175277;78.3333333333333;8.94427190999916
"64";18.3333333333333;8.53098926137982;1.66666666666667;0.912870929175277;78.3333333333333;8.94427190999916
"65";18.3333333333333;8.89756521002609;1.66666666666667;1.17851130197758;80;7.81735959970572
"66";15;3.43592135468138;1.66666666666667;0.833333333333333;83.3333333333333;2.72165526975909
"67";15;3.43592135468138;1.66666666666667;0.833333333333333;83.3333333333333;2.72165526975909
"68";15;3.43592135468138;1.66666666666667;0.833333333333333;83.3333333333333;2.72165526975909
"69";15;3.43592135468138;1.66666666666667;0;83.3333333333333;3.43592135468138
"70";15;3.43592135468138;1.66666666666667;0;83.3333333333333;3.43592135468138
"71";15;3.43592135468138;1.66666666666667;0.833333333333333;83.3333333333333;3.46944333244355
"72";15;4.19435246403931;1.66666666666667;0;83.3333333333333;4.19435246403931
"73";15;4.19435246403931;1.66666666666667;0;83.3333333333333;4.19435246403931
"74";15;4.19435246403931;1.66666666666667;0.962250448649376;83.3333333333333;3.46944333244355
"75";13.3333333333333;3.53553390593274;1.66666666666667;0;85;3.53553390593274
"76";13.3333333333333;3.53553390593274;1.66666666666667;0;85;3.53553390593274
"77";13.3333333333333;3.53553390593274;0;1.17851130197758;86.6666666666667;2.35702260395516
"78";10;NA;1.66666666666667;NA;88.3333333333333;NA
