"allS";"sdAllS";"allI";"sdAllI";"allR";"sdAllR"
"1";100;0;0;0;0;0
"2";100;0;0;0;0;0
"3";99.21875;0;0.78125;0;0;0
"4";98.4375;1.8878908568388;1.5625;1.88448464593283;0;0.240463676269958
"5";93.75;8.48191957121577;5.46875;8.43973329767979;0;0.373099166360093
"6";83.59375;18.1586878314896;15.625;17.4790405933603;0;0.86312683690225
"7";72.65625;26.1428792956638;25;23.2920964543351;2.34375;3.1599890945485
"8";63.28125;29.9486326374348;32.03125;24.7436847574192;4.6875;5.71474378016076
"9";55.46875;31.80670826417;36.71875;25.2095138528067;7.8125;7.609376887305
"10";45.3125;29.0315678103119;41.40625;20.3814934054769;12.5;10.2060826733452
"11";39.84375;27.2251893932806;44.53125;18.3335229112476;15.625;11.173855265928
"12";35.9375;25.4004388085455;43.75;15.1959317300991;19.53125;12.9649843930681
"13";32.8125;22.8464982814426;42.96875;12.7974656139145;23.4375;13.7906853978869
"14";28.90625;20.8187611796978;42.96875;12.6359791369723;28.125;14.2718074865201
"15";26.5625;19.8852681440346;39.84375;11.3643234507598;32.8125;13.8257707506294
"16";25;16.9070394147182;37.5;8.74395252326811;37.5;13.9899750193368
"17";22.65625;12.9829200636415;35.9375;6.89317554836847;40.625;14.3927334853734
"18";21.09375;10.5877871615917;34.375;6.79882036336697;43.75;14.1015083967106
"19";20.3125;8.84286196218688;32.8125;7.23640939492713;46.09375;13.4236203451443
"20";19.53125;7.27006892546347;31.25;7.59311098777413;49.21875;12.4015491461332
"21";18.75;6.7234040929916;29.6875;8.30663855844378;51.5625;12.6993182782806
"22";17.96875;6.45812331647773;26.5625;7.6066634028988;54.6875;11.8533931718939
"23";17.96875;6.46678084964163;25;6.85377137997076;57.03125;11.0226180152519
"24";17.1875;6.17714700993037;22.65625;6.70522348416936;59.375;10.62890074689
"25";17.1875;6.01021130859459;20.3125;6.12505314602793;61.71875;9.7947482407134
"26";16.40625;6.02120277124928;19.53125;5.40490070770558;64.0625;9.12968429103144
"27";16.40625;5.92927061281571;17.96875;5.62282944232706;64.84375;8.94636433954225
"28";15.625;5.81755912222858;17.1875;5.48523371423129;66.40625;9.03222650970713
"29";15.625;5.81471696912151;14.84375;4.75617018042419;68.75;8.24826370617881
"30";15.625;5.75426557135009;13.28125;4.16554753850834;70.3125;8.11632524695277
"31";15.625;5.75426557135009;11.71875;3.50221690857942;71.875;7.50552503741341
"32";15.625;5.69473555319589;10.9375;3.10540733036747;73.4375;7.36753683114875
"33";15.625;5.7401055607853;10.15625;2.9331576670441;74.21875;7.25466102640729
"34";15.625;5.56097825626631;9.375;2.67418881294715;75;6.85766635894639
"35";14.84375;5.38911512671221;8.59375;2.97662059763949;75.78125;6.53329314135171
"36";14.84375;5.31187764430554;7.8125;2.80190060006708;76.5625;6.30106095357163
"37";14.84375;5.31187764430554;7.03125;2.47412965415576;77.34375;6.13086321197581
"38";14.84375;5.32836937367256;6.25;2.441015593745;78.125;6.23513042363506
"39";14.84375;5.40113520993407;6.25;2.54955763626261;78.90625;6.15962490772825
"40";14.84375;5.40113520993407;5.46875;2.4493360800578;78.90625;6.01444117139462
"41";14.84375;5.37399306217376;5.46875;2.33014715731423;79.6875;5.97690290424923
"42";14.84375;5.37399306217376;4.6875;2.31756202721739;79.6875;6.01021130859459
"43";14.84375;5.45174999080475;4.6875;2.36050866114126;80.46875;6.17714700993037
"44";14.84375;5.45174999080475;3.90625;1.86452695736468;80.46875;5.82454928290236
"45";14.84375;5.53530924497448;3.90625;1.81546094353473;81.25;5.73389956021787
"46";14.84375;5.53530924497448;3.125;1.82384648905137;81.25;5.67594837661147
"47";14.84375;5.46293403536411;3.125;1.65036173236544;82.03125;5.75426557135009
"48";14.84375;5.46293403536411;3.125;1.54202073988633;82.03125;5.76221528580805
"49";14.84375;5.46293403536411;3.125;1.55924139374195;82.03125;5.92047140083228
"50";14.84375;5.46293403536411;2.34375;1.6317655136098;82.8125;6.11175225487748
"51";14.84375;5.52006115444471;2.34375;1.48231765320393;82.03125;5.94591352517084
"52";14.84375;5.72461211736051;2.34375;1.50120144192269;82.8125;6.29491075729495
"53";14.84375;5.84232294381333;2.34375;1.37040315516723;82.03125;6.30360624743935
"54";14.84375;5.84232294381333;2.34375;1.409806755602;82.8125;6.44235254002759
"55";14.84375;5.84232294381333;1.5625;1.12590108144202;82.8125;6.34382203603157
"56";15.625;6.00667131776014;1.5625;0.778285093668455;82.8125;6.32793501865963
"57";15.625;6.00667131776014;1.5625;0.824445082829822;82.8125;6.42942040412311
"58";15.625;6.17946706522717;1.5625;0.737406099569171;82.03125;6.53131116761266
"59";15.625;6.17946706522717;1.5625;0.802273934456985;82.8125;6.45009937599625
"60";15.625;6.19560849559443;1.5625;0.930370618966637;82.8125;6.45009937599625
"61";15.625;6.19560849559443;0.78125;1.0691220777093;82.8125;6.51174228928368
"62";16.40625;5.79390506804349;1.5625;0.965650844673914;82.03125;5.8521367328761
"63";17.1875;6.17985187495854;0.78125;0.774243132003996;82.03125;6.16484256900934
"64";14.84375;5.21548987492227;0.78125;0.403435765229939;83.59375;5.40701764781196
"65";14.84375;5.21548987492227;0.78125;0.318943976924893;83.59375;5.42767311254709
"66";14.84375;5.21548987492227;0.78125;0.494105884401309;83.59375;5.46688956449796
"67";14.84375;5.80968513830569;0.78125;0.55242717280199;83.59375;5.86197858822002
"68";14.0625;5.50582669579843;0.78125;0.637887953849786;85.15625;6.06832301965158
"69";14.84375;6.10175755930207;0.78125;0.451054897804395;83.59375;6.55195084656725
"70";14.84375;6.10175755930207;0.78125;0.451054897804395;83.59375;6.55195084656725
"71";14.84375;6.10175755930207;0.78125;0.451054897804395;83.59375;6.55195084656725
"72";14.84375;6.10175755930207;0.78125;0.451054897804395;83.59375;6.55195084656725
"73";14.84375;6.10175755930207;0.78125;0.451054897804395;83.59375;6.55195084656725
"74";14.84375;6.10175755930207;0.78125;0.451054897804395;83.59375;6.55195084656725
"75";14.84375;6.10175755930207;0.78125;0;84.375;6.10175755930207
"76";14.84375;6.10175755930207;0.78125;0;84.375;6.10175755930207
"77";14.84375;6.10175755930207;0.78125;0;84.375;6.10175755930207
"78";14.84375;6.10175755930207;0.78125;0;84.375;6.10175755930207
"79";14.84375;6.10175755930207;0.78125;0.451054897804395;84.375;5.65170167036737
"80";10.9375;0.55242717280199;0.78125;0;87.5;0.55242717280199
"81";10.9375;0.55242717280199;0.78125;0;87.5;0.55242717280199
"82";10.9375;0.55242717280199;0;0.55242717280199;88.28125;0
"83";10.9375;NA;0.78125;NA;88.28125;NA
"84";10.9375;NA;0.78125;NA;88.28125;NA
"85";10.9375;NA;0.78125;NA;88.28125;NA
"86";10.9375;NA;0.78125;NA;88.28125;NA
