"allS";"sdAllS";"allI";"sdAllI";"allR";"sdAllR"
"1";100;0;0;0;0;0
"2";100;0;0;0;0;0
"3";99.0697674418605;0;0.930232558139535;0;0;0
"4";98.6046511627907;0.465116279069767;1.3953488372093;0.524919156880777;0;0.190879693411191
"5";96.2790697674419;2.1840663966277;3.72093023255814;2.13729860246588;0;0.312009485232529
"6";92.5581395348837;3.66939526170633;6.97674418604651;3.55377289036365;0;0.464503880806723
"7";87.4418604651163;6.01512425878026;11.1627906976744;5.60053836715655;0.930232558139535;0.830312953603798
"8";80.4651162790698;9.14107486379679;17.2093023255814;8.20088784817789;1.86046511627907;1.45994892217841
"9";73.4883720930233;11.7046184411311;22.7906976744186;10.5539814630193;3.25581395348837;1.89622907975126
"10";66.046511627907;13.4773094380051;27.906976744186;11.3246878723833;6.04651162790698;2.69638681126898
"11";60;14.297752301439;31.6279069767442;11.4143423255819;8.37209302325581;4.14669384947833
"12";55.8139534883721;14.2912008560015;32.093023255814;10.687664946306;11.6279069767442;5.21977222030078
"13";52.5581395348837;14.660504880374;32.093023255814;10.8534242350264;15.3488372093023;6.36573761271708
"14";50.6976744186047;14.6215239054011;30.2325581395349;10.0592874023976;18.6046511627907;7.19048359170247
"15";49.3023255813954;14.6897550825887;28.3720930232558;9.71120958407236;21.8604651162791;7.87465494038338
"16";48.8372093023256;14.9031964074119;26.9767441860465;9.40506302466129;24.1860465116279;8.39691004243795
"17";47.906976744186;15.0994916669718;25.1162790697674;9.25923311369507;26.5116279069767;8.64570575839169
"18";47.906976744186;15.214556715366;22.7906976744186;8.43560163302222;29.3023255813954;9.24080020825032
"19";47.4418604651163;15.3028501396366;20.9302325581395;7.98920452334101;31.1627906976744;9.92769395887558
"20";47.4418604651163;15.3120734745719;19.0697674418605;7.55042445893734;33.4883720930233;10.2330866671115
"21";47.4418604651163;15.3491153863743;17.2093023255814;6.89594171422892;34.8837209302326;10.616905458106
"22";47.4418604651163;15.3842364684902;15.8139534883721;5.93202027437494;36.7441860465116;11.3423943828277
"23";47.4418604651163;15.3842364684902;13.953488372093;5.30416124895299;38.6046511627907;11.8937541331015
"24";47.4418604651163;15.3842364684902;12.5581395348837;4.70053356524694;40;12.3613024791466
"25";47.4418604651163;15.3983844773857;10.6976744186047;4.15766250731024;41.8604651162791;12.6100743955094
"26";47.4418604651163;15.3983844773857;9.76744186046512;3.8040741378308;42.3255813953488;12.8786118570058
"27";47.4418604651163;15.3814423171227;9.30232558139535;3.74867258963512;43.2558139534884;12.9395808162698
"28";46.9767441860465;15.4131658892764;8.37209302325581;3.44534872360913;44.1860465116279;13.2106426130593
"29";46.9767441860465;15.4131658892764;7.44186046511628;3.14372538686485;45.1162790697674;13.5245368384735
"30";46.9767441860465;15.4131658892764;6.97674418604651;2.85313666521212;46.046511627907;13.781456858029
"31";46.9767441860465;15.4300547695399;6.04651162790698;2.47959995341015;46.5116279069767;13.7655850744323
"32";46.9767441860465;15.4300547695399;5.58139534883721;2.33584028545904;46.9767441860465;13.9022109623684
"33";46.9767441860465;15.4300547695399;5.11627906976744;2.2930403866474;47.4418604651163;13.923979404996
"34";46.9767441860465;15.4300547695399;4.65116279069767;2.18927338076502;47.906976744186;13.9633584023112
"35";46.9767441860465;15.4300547695399;4.18604651162791;2.13876309851881;48.3720930232558;14.1269511742809
"36";46.9767441860465;15.4300547695399;3.72093023255814;1.89247253047814;49.3023255813954;14.2202168875853
"37";46.9767441860465;15.4300547695399;3.25581395348837;1.66610201739492;49.3023255813954;14.3524164878905
"38";46.9767441860465;15.4300547695399;2.7906976744186;1.54095457547326;49.7674418604651;14.3988493399762
"39";46.9767441860465;15.4300547695399;2.32558139534884;1.36148211263486;50.2325581395349;14.5759761842113
"40";46.9767441860465;15.4300547695399;2.32558139534884;1.24803794093012;50.6976744186047;14.6465769668384
"41";45.1162790697674;13.0787514139094;1.86046511627907;1.18395000878767;52.5581395348837;12.4488649794209
"42";45.1162790697674;13.0787514139094;1.86046511627907;1.05152402839151;52.5581395348837;12.5603052567369
"43";45.1162790697674;13.0787514139094;1.86046511627907;1.15199668401142;53.0232558139535;12.599776842334
"44";44.6511627906977;13.3475358879896;1.3953488372093;1.12963835566667;53.4883720930233;12.9760778803639
"45";44.6511627906977;13.3475358879896;1.3953488372093;0.960519271219806;53.4883720930233;12.9195105581469
"46";42.3255813953488;11.5811462879107;1.3953488372093;0.775968605038276;56.2790697674419;11.3650919303128
"47";42.3255813953488;11.5811462879107;1.3953488372093;0.710476851931138;56.2790697674419;11.3178825527054
"48";42.3255813953488;11.5811462879107;0.930232558139535;0.710476851931138;56.7441860465116;11.2898134717927
"49";41.3953488372093;11.6383563237055;0.930232558139535;0.552201711353176;57.2093023255814;11.4571740251563
"50";41.3953488372093;11.6383563237055;0.930232558139535;0.447046560336398;57.6744186046512;11.4792715063104
"51";41.3953488372093;11.6383563237055;0.465116279069767;0.425802519271687;57.6744186046512;11.4589721597351
"52";40.4651162790698;10.1964451921737;0.930232558139535;0.349333774976191;58.6046511627907;10.0519376235045
"53";40.4651162790698;10.1964451921737;0.465116279069767;0.361046523630784;58.6046511627907;9.98549793675531
"54";38.1395348837209;6.57723916708588;0.465116279069767;0.418761226687684;60.9302325581395;6.53612125544902
"55";38.6046511627907;6.966228077934;0.930232558139535;0.313929561725839;60.4651162790698;6.83508202242153
"56";38.6046511627907;6.966228077934;0.930232558139535;0.245137803113828;60.4651162790698;6.86105634031099
"57";38.6046511627907;6.966228077934;0.930232558139535;0.245137803113828;60.4651162790698;6.86105634031099
"58";38.6046511627907;6.966228077934;0.930232558139535;0.245137803113828;60.4651162790698;6.86105634031099
"59";38.6046511627907;6.966228077934;0.465116279069767;0.313929561725839;60.4651162790698;6.91340759792935
"60";39.0697674418605;7.13388913961766;0.465116279069767;0.363598120916545;60;6.94999177509858
"61";37.6744186046512;6.40957845128291;0.465116279069767;0.175797429306617;61.3953488372093;6.37654539666705
"62";37.6744186046512;6.40957845128291;0.465116279069767;0.175797429306617;61.3953488372093;6.37654539666705
"63";37.6744186046512;6.40957845128291;0.465116279069767;0.175797429306617;61.3953488372093;6.37654539666705
"64";37.6744186046512;6.40957845128291;0.465116279069767;0.175797429306617;61.3953488372093;6.37654539666705
"65";37.6744186046512;6.40957845128291;0.465116279069767;0.175797429306617;61.3953488372093;6.37654539666705
"66";37.6744186046512;6.40957845128291;0.465116279069767;0;61.3953488372093;6.40957845128291
"67";37.6744186046512;6.40957845128291;0.465116279069767;0;61.3953488372093;6.40957845128291
"68";37.6744186046512;6.40957845128291;0.465116279069767;0;61.3953488372093;6.40957845128291
"69";37.6744186046512;6.40957845128291;0.465116279069767;0;61.3953488372093;6.40957845128291
"70";37.6744186046512;6.40957845128291;0.465116279069767;0.175797429306617;61.3953488372093;6.43604288525249
"71";38.1395348837209;6.95500489023953;0.465116279069767;0.189882925797146;61.3953488372093;7.00099145673819
"72";38.6046511627907;7.56868673741693;0.465116279069767;0.208006323488353;60.4651162790698;7.36442268416645
"73";35.3488372093023;1.62790697674419;0;0.268535008925407;64.1860465116279;1.75577545006296
"74";36.2790697674419;1.64443437485244;0.465116279069767;0;63.2558139534884;1.64443437485244
"75";36.2790697674419;1.64443437485244;0.465116279069767;0;63.2558139534884;1.64443437485244
"76";36.2790697674419;1.64443437485244;0;0.328886874970487;63.7209302325581;1.31554749988195
"77";34.8837209302326;NA;0.465116279069767;NA;64.6511627906977;NA
"78";34.8837209302326;NA;0.465116279069767;NA;64.6511627906977;NA
"79";34.8837209302326;NA;0.465116279069767;NA;64.6511627906977;NA
"80";34.8837209302326;NA;0.465116279069767;NA;64.6511627906977;NA
"81";34.8837209302326;NA;0.465116279069767;NA;64.6511627906977;NA
"82";34.8837209302326;NA;0.465116279069767;NA;64.6511627906977;NA
"83";34.8837209302326;NA;0.465116279069767;NA;64.6511627906977;NA
"84";34.8837209302326;NA;0.465116279069767;NA;64.6511627906977;NA
"85";34.8837209302326;NA;0.465116279069767;NA;64.6511627906977;NA
"86";34.8837209302326;NA;0.465116279069767;NA;64.6511627906977;NA
"87";34.8837209302326;NA;0.465116279069767;NA;64.6511627906977;NA
"88";34.8837209302326;NA;0.465116279069767;NA;64.6511627906977;NA
"89";34.8837209302326;NA;0.465116279069767;NA;64.6511627906977;NA
"90";34.8837209302326;NA;0.465116279069767;NA;64.6511627906977;NA
"91";34.8837209302326;NA;0.465116279069767;NA;64.6511627906977;NA
"92";34.8837209302326;NA;0.465116279069767;NA;64.6511627906977;NA
"93";34.8837209302326;NA;0.465116279069767;NA;64.6511627906977;NA
"94";34.8837209302326;NA;0.465116279069767;NA;64.6511627906977;NA
"95";34.8837209302326;NA;0.465116279069767;NA;64.6511627906977;NA
"96";34.8837209302326;NA;0.465116279069767;NA;64.6511627906977;NA
"97";34.8837209302326;NA;0.465116279069767;NA;64.6511627906977;NA
