"allS";"sdAllS";"allI";"sdAllI";"allR";"sdAllR"
"1";100;0;0;0;0;0
"2";100;0;0;0;0;0
"3";98.5714285714286;0;1.42857142857143;0;0;0
"4";94.2857142857143;3.19101854515634;5.71428571428571;3.19101854515634;0;0
"5";82.8571428571429;9.46926737950823;17.1428571428571;9.20701175848848;0;0.747354805400853
"6";67.1428571428571;13.8822731588113;31.4285714285714;13.4882691603083;0;1.43607054271438
"7";57.1428571428571;13.2723273164609;40;12.3274339729161;2.85714285714286;2.51312344975017
"8";48.5714285714286;11.2447624757668;44.2857142857143;9.74872268479119;5.71428571428571;3.36149933301245
"9";42.8571428571429;10.9040833313731;48.5714285714286;9.71229524056786;8.57142857142857;3.84654629081036
"10";35.7142857142857;10.5373867667039;50;8.41460548047569;12.8571428571429;5.17107962101062
"11";31.4285714285714;10.2545476013879;51.4285714285714;7.5791562210154;15.7142857142857;5.71240570577479
"12";28.5714285714286;10.2030934000519;50;8.27819207419022;20;6.96161024374546
"13";25.7142857142857;9.69209096544662;48.5714285714286;8.1852215469276;24.2857142857143;7.64266390030454
"14";22.8571428571429;9.91342762423823;48.5714285714286;9.68100224725096;28.5714285714286;8.26000678798066
"15";20;9.38380807138102;47.1428571428571;8.82944979449282;32.8571428571429;7.43030633298072
"16";18.5714285714286;8.45027154306002;44.2857142857143;8.84858912698126;35.7142857142857;7.77606838494813
"17";15.7142857142857;8.51201211001941;42.8571428571429;8.56516061551067;41.4285714285714;7.30308999828795
"18";14.2857142857143;8.462972995506;40;8.09284204552342;44.2857142857143;6.97201710815392
"19";14.2857142857143;8.22971744316988;37.1428571428571;7.75393597429382;47.1428571428571;7.28283888416286
"20";12.8571428571429;8.23754471047914;35.7142857142857;8.17504520627239;51.4285714285714;7.52332570380563
"21";12.8571428571429;7.67037068635965;32.8571428571429;8.33122064160842;52.8571428571429;7.60850617879915
"22";11.4285714285714;7.63844648221444;31.4285714285714;7.87762197838736;57.1428571428571;7.66476727354979
"23";11.4285714285714;7.21020877878908;28.5714285714286;7.59154654516248;60;7.44871473713626
"24";11.4285714285714;7.03680671645662;27.1428571428571;7.9620474618767;61.4285714285714;8.2339581365865
"25";10;6.96161024374546;24.2857142857143;7.25291156026093;64.2857142857143;7.80364562687321
"26";10;6.84765948238381;22.8571428571429;6.63616365823044;65.7142857142857;7.33244632203475
"27";10;6.65676852024434;21.4285714285714;6.51322706079214;67.1428571428571;7.19678887696692
"28";8.57142857142857;6.7086042191562;21.4285714285714;6.79451348764829;68.5714285714286;7.39262558207689
"29";8.57142857142857;6.11560663126019;20;5.98018568589712;70;7.07296633997375
"30";8.57142857142857;6.0834688222139;18.5714285714286;5.90426669440931;72.8571428571428;7.05966592138677
"31";8.57142857142857;6.0834688222139;17.1428571428571;5.80519786348035;72.8571428571428;7.34890772041236
"32";8.57142857142857;6.10461958162055;15.7142857142857;5.38277077976151;74.2857142857143;7.20424746418678
"33";8.57142857142857;5.74942205099918;15.7142857142857;5.21091146359424;75.7142857142857;6.75288854930973
"34";8.57142857142857;5.6841309617696;14.2857142857143;5.49191379014732;77.1428571428572;6.89961782281937
"35";7.14285714285714;5.72320732114575;12.8571428571429;5.20265981714472;78.5714285714286;6.72419681234969
"36";7.14285714285714;5.45019437172484;12.8571428571429;5.67845911838623;80;6.91011805047757
"37";7.14285714285714;5.46446385281402;11.4285714285714;5.53234799417741;80;6.67610323898399
"38";7.14285714285714;5.45413450914293;11.4285714285714;4.8450756778798;81.4285714285714;6.20799526060922
"39";7.14285714285714;5.41708321403669;10;4.3256286679184;81.4285714285714;6.04138964388293
"40";7.14285714285714;5.40268859353083;10;4.2630982213272;82.8571428571429;5.39473029262656
"41";7.14285714285714;5.45019437172484;8.57142857142857;4.16109545190063;84.2857142857143;5.26984001167563
"42";7.14285714285714;5.45265729126477;8.57142857142857;3.60808258435878;84.2857142857143;5.16952151934687
"43";7.14285714285714;5.47379265363949;7.14285714285714;3.18090435633761;85.7142857142857;5.20833422842814
"44";5.71428571428571;5.55221286237955;7.14285714285714;2.89820122739219;85.7142857142857;5.51533357140498
"45";5.71428571428571;5.55221286237955;5.71428571428571;2.94598709383382;87.1428571428571;5.61760314469612
"46";5.71428571428571;5.37328395407574;5.71428571428571;3.20780466068908;87.1428571428571;5.72367649418594
"47";5.71428571428571;5.16328441087901;5.71428571428571;3.19354208730255;87.1428571428571;5.86776956400672
"48";5.71428571428571;5.16328441087901;5.71428571428571;3.14695563250482;88.5714285714286;5.84438368204775
"49";5.71428571428571;4.37937205887185;5.71428571428571;2.49118268466951;88.5714285714286;5.65550384263392
"50";5.71428571428571;4.37937205887185;4.28571428571429;2.27849737860992;90;5.19232681823144
"51";5.71428571428571;4.17998230363697;4.28571428571429;2.44036157197681;90;5.26536533252673
"52";5.71428571428571;4.18426288059444;4.28571428571429;2.30712610984763;90;5.01816725763616
"53";5.71428571428571;4.24092440276304;4.28571428571429;2.15465978240119;90;4.77066862716921
"54";5.71428571428571;4.24092440276304;4.28571428571429;1.73765744477824;90;4.47373686285648
"55";5.71428571428571;4.24233124453429;2.85714285714286;1.95729560533027;91.4285714285714;4.18426288059444
"56";5.71428571428571;4.60700442759917;2.85714285714286;1.55401608305531;91.4285714285714;4.32914501935884
"57";5.71428571428571;4.60700442759917;2.85714285714286;1.68779129509022;91.4285714285714;4.57644813704039
"58";5.71428571428571;4.34203357747835;2.85714285714286;1.42857142857143;91.4285714285714;4.30833034927048
"59";5.71428571428571;4.34203357747835;2.85714285714286;1.44883586524889;91.4285714285714;4.14273985290219
"60";5.71428571428571;4.40315285926355;2.85714285714286;1.30553361923339;91.4285714285714;4.48890386457094
"61";5.71428571428571;4.4563115595586;2.85714285714286;0.900607388508736;91.4285714285714;4.42390159081223
"62";5.71428571428571;4.4563115595586;2.85714285714286;0.900607388508736;91.4285714285714;4.42390159081223
"63";5.71428571428571;4.4563115595586;2.85714285714286;0.900607388508736;91.4285714285714;4.42390159081223
"64";5.71428571428571;4.4563115595586;2.85714285714286;0.943178988247892;91.4285714285714;4.48557196293199
"65";5.71428571428571;4.4563115595586;1.42857142857143;1.03573007440283;92.8571428571429;4.18376919138494
"66";4.28571428571429;3.69692914401352;1.42857142857143;0.735612357920625;92.8571428571429;3.66120918415856
"67";4.28571428571429;3.77964473009227;1.42857142857143;0.77051412852942;92.8571428571429;3.857383349886
"68";4.28571428571429;3.98409536444798;1.42857142857143;0.602338601936834;92.8571428571429;4.02937062882022
"69";4.28571428571429;3.98409536444798;1.42857142857143;0.952380952380952;94.2857142857143;3.98409536444798
"70";4.28571428571429;4.16496563917521;1.42857142857143;0.661300071266108;94.2857142857143;4.2515646236734
"71";4.28571428571429;4.16496563917521;1.42857142857143;0;94.2857142857143;4.16496563917521
"72";4.28571428571429;4.16496563917521;1.42857142857143;0.505076272276105;94.2857142857143;4.17806991583127
"73";4.28571428571429;4.49597595696825;1.42857142857143;0;94.2857142857143;4.49597595696825
"74";4.28571428571429;4.49597595696825;1.42857142857143;0;94.2857142857143;4.49597595696825
"75";4.28571428571429;4.49597595696825;1.42857142857143;0;94.2857142857143;4.49597595696825
"76";4.28571428571429;4.49597595696825;1.42857142857143;0.539949247156039;94.2857142857143;4.02856660394365
"77";2.85714285714286;2.33284737407922;1.42857142857143;0;95.7142857142857;2.33284737407922
"78";2.85714285714286;2.33284737407922;1.42857142857143;0;95.7142857142857;2.33284737407922
"79";2.85714285714286;2.33284737407922;1.42857142857143;0;95.7142857142857;2.33284737407922
"80";2.85714285714286;2.33284737407922;1.42857142857143;0.583211843519804;95.7142857142857;2.51525955166557
"81";2.85714285714286;2.55550625999976;1.42857142857143;0;95.7142857142857;2.55550625999976
"82";2.85714285714286;2.55550625999976;1.42857142857143;0;95.7142857142857;2.55550625999976
"83";2.85714285714286;2.55550625999976;1.42857142857143;0;95.7142857142857;2.55550625999976
"84";2.85714285714286;2.55550625999976;1.42857142857143;0;95.7142857142857;2.55550625999976
"85";2.85714285714286;2.55550625999976;1.42857142857143;0.63887656499994;95.7142857142857;2.59512887494071
"86";2.85714285714286;2.94507544686976;1.42857142857143;0;95.7142857142857;2.94507544686976
"87";2.85714285714286;2.94507544686976;1.42857142857143;0.714285714285714;95.7142857142857;3.40068020406802
"88";2.85714285714286;2.9738085706659;1.42857142857143;0;94.2857142857143;2.9738085706659
"89";2.85714285714286;2.9738085706659;1.42857142857143;0;94.2857142857143;2.9738085706659
"90";2.85714285714286;2.9738085706659;1.42857142857143;0;94.2857142857143;2.9738085706659
"91";2.85714285714286;2.9738085706659;1.42857142857143;0;94.2857142857143;2.9738085706659
"92";2.85714285714286;2.9738085706659;0;0.824786098842322;95.7142857142857;2.18217890235992
"93";0;NA;1.42857142857143;NA;98.5714285714286;NA
"94";0;NA;1.42857142857143;NA;98.5714285714286;NA
"95";0;NA;1.42857142857143;NA;98.5714285714286;NA
"96";0;NA;1.42857142857143;NA;98.5714285714286;NA
"97";0;NA;1.42857142857143;NA;98.5714285714286;NA
"98";0;NA;1.42857142857143;NA;98.5714285714286;NA
"99";0;NA;1.42857142857143;NA;98.5714285714286;NA
"100";0;NA;1.42857142857143;NA;98.5714285714286;NA
"101";0;NA;1.42857142857143;NA;98.5714285714286;NA
"102";0;NA;1.42857142857143;NA;98.5714285714286;NA
