"allS";"sdAllS";"allI";"sdAllI";"allR";"sdAllR"
"1";100;0;0;0;0;0
"2";100;0;0;0;0;0
"3";99.21875;0;0.78125;0;0;0
"4";98.4375;1.35553658777234;1.5625;1.39926536617152;0;0.286209022291034
"5";93.75;7.04114192091301;6.25;6.99001064136868;0;0.439024599178919
"6";81.25;16.9482216241831;17.96875;16.1092247846308;0;1.04644278830291
"7";62.5;25.8044109547023;35.15625;24.1664372163085;1.5625;2.29820257807472
"8";46.09375;29.4932315491193;48.4375;26.1491348688889;4.6875;4.29490169335173
"9";33.59375;25.7668170508581;56.25;20.6784222229136;9.375;6.45487954178055
"10";25;21.7227427620127;59.375;15.9996445560243;14.84375;8.72938675491183
"11";15.625;7.15086672200784;62.5;4.79306303915717;21.875;8.60236241238353
"12";12.5;5.17138973309876;59.375;5.77334204281112;28.125;8.2257980606088
"13";10.15625;4.10566365340933;56.25;5.87199926789113;32.8125;6.97002809517425
"14";8.59375;3.37161650422501;53.125;6.15703784802728;38.28125;6.58224773001047
"15";7.8125;3.10338341587357;48.4375;6.59757074538419;43.75;6.72323721566391
"16";7.8125;2.87752272032286;43.75;5.84787474357515;48.4375;5.77062069359426
"17";7.03125;2.74992297059564;39.0625;5.84288426958602;53.125;5.81439537112068
"18";7.03125;2.80166033075308;35.15625;5.74411763529336;57.8125;6.04819831336372
"19";7.03125;2.85088567209372;31.25;5.71788418088144;61.71875;6.13915376777411
"20";6.25;2.88297626766619;28.90625;5.15966074804599;64.0625;5.5776319501161
"21";6.25;2.94306077622206;25.78125;4.72991305344048;67.1875;5.19304012389667
"22";6.25;2.96054521206237;22.65625;4.75168600955113;70.3125;5.05642635049296
"23";6.25;2.96054521206237;21.09375;4.61270365229715;71.875;5.02169223124529
"24";6.25;2.96054521206237;18.75;4.41179462497514;74.21875;4.80054781910471
"25";6.25;2.96054521206237;17.1875;4.26226873186652;75.78125;4.7606501275507
"26";6.25;2.87674279817265;15.625;4.08319372432282;77.34375;4.78228314481753
"27";6.25;2.87674279817265;14.0625;3.62126812532267;78.90625;4.53222051599507
"28";6.25;2.87674279817265;12.5;3.49514048476911;80.46875;4.5059033735087
"29";6.25;2.87674279817265;11.71875;3.34018974493503;82.03125;4.49543321044151
"30";6.25;2.87674279817265;10.15625;2.99070946735162;82.8125;3.95023489883504
"31";6.25;2.87674279817265;9.375;3.10338341587357;83.59375;3.91141661993762
"32";6.25;2.87674279817265;8.59375;3.04498904678437;85.15625;3.9377179196816
"33";6.25;2.87674279817265;7.8125;2.81045677415821;85.9375;3.86931063599113
"34";6.25;2.87674279817265;7.03125;2.51998987646411;85.9375;3.57511954756925
"35";6.25;2.87674279817265;6.25;2.55360302017575;87.5;3.23299714008728
"36";6.25;2.87674279817265;5.46875;2.48230901657477;87.5;3.22047957350516
"37";6.25;2.87674279817265;4.6875;2.19646763491557;88.28125;2.91702225598499
"38";6.25;2.87674279817265;3.90625;2.17697045631011;89.0625;2.87205881764668
"39";6.25;2.87674279817265;3.90625;2.27771558392395;89.0625;2.85009846079276
"40";6.25;2.87674279817265;3.90625;2.1237510521974;89.84375;2.63576116189869
"41";6.25;2.87674279817265;3.125;1.80006909206653;89.84375;2.57460627745592
"42";6.25;2.87674279817265;3.125;1.59940335986166;90.625;2.56500113321985
"43";6.25;2.87674279817265;2.34375;1.56393546194721;90.625;2.59284456645053
"44";6.25;2.87674279817265;2.34375;1.43211758077521;91.40625;2.82320267525876
"45";6.25;2.97106201090725;2.34375;1.41202517830479;91.40625;2.98131592235815
"46";6.25;2.97106201090725;1.5625;1.17620726985794;91.40625;2.90877956111429
"47";6.25;2.97106201090725;1.5625;1.07569737251682;91.40625;2.94397557522137
"48";6.25;3.04300922343797;1.5625;0.879267865423653;91.40625;3.02096161468181
"49";6.25;3.04300922343797;1.5625;0.828202208889546;91.40625;3.01807396551336
"50";6.25;3.04300922343797;1.5625;0.828202208889546;92.1875;3.15922478859624
"51";6.25;2.92316983341714;1.5625;0.724069293747108;92.1875;3.0948060551884
"52";6.25;2.92316983341714;1.5625;0.685201577583617;92.1875;3.00240288384538
"53";6.25;3.0432914046128;1.5625;0.619501141483406;92.1875;3.11314037467382
"54";6.25;3.0432914046128;1.5625;0.619501141483406;92.1875;3.11314037467382
"55";6.25;3.0432914046128;0.78125;0.485610594146923;92.1875;3.11314037467382
"56";6.25;3.0432914046128;0.78125;0.471111475902756;92.1875;3.20318274153425
"57";6.25;3.1477039829983;0.78125;0.443473603279333;92.1875;3.31865256709875
"58";7.03125;3.27079601226054;0.78125;0.344498868628202;92.1875;3.37789629455022
"59";7.03125;3.27079601226054;0.78125;0.344498868628202;92.1875;3.37789629455022
"60";7.03125;3.27079601226054;0.78125;0.344498868628202;92.1875;3.37789629455022
"61";7.03125;3.27079601226054;0.78125;0.46947282232604;92.1875;3.42772046382505
"62";7.03125;3.46252054854656;0.78125;0.276213586400995;92.1875;3.37807554559413
"63";7.03125;3.46252054854656;0.78125;0.276213586400995;92.1875;3.37807554559413
"64";7.03125;3.46252054854656;0.78125;0.417595690488163;92.1875;3.30797998555333
"65";6.25;3.57200981133338;0.78125;0.539113718236214;92.1875;3.17116202695329
"66";4.6875;1.99180449749718;0.78125;0.349385621484342;93.75;1.94529681218574
"67";4.6875;1.99180449749718;0.78125;0.55242717280199;94.53125;2.20970869120796
"68";5.46875;1.73230920516277;0.78125;0.637887953849786;93.75;1.73230920516277
"69";5.46875;2.06699321176921;0.78125;0.451054897804395;92.96875;1.80421959121758
"70";5.46875;2.06699321176921;0.78125;0.451054897804395;92.96875;1.80421959121758
"71";5.46875;2.06699321176921;0.78125;0.451054897804395;92.96875;1.80421959121758
"72";5.46875;2.06699321176921;0.78125;0.451054897804395;92.96875;1.80421959121758
"73";5.46875;2.06699321176921;0.78125;0.78125;93.75;2.06699321176921
"74";6.25;2.76213586400995;0.78125;1.10485434560398;92.96875;1.65728151840597
"75";3.90625;NA;1.5625;NA;94.53125;NA
