"allS";"sdAllS";"allI";"sdAllI";"allR";"sdAllR"
"1";100;0;0;0;0;0
"2";100;0;0;0;0;0
"3";98.5714285714286;0;1.42857142857143;0;0;0
"4";95.7142857142857;2.47327281356333;4.28571428571429;2.47001350248748;0;0.31943828249997
"5";81.4285714285714;10.8212703777613;18.5714285714286;10.5894988820802;0;0.816057957967828
"6";52.8571428571429;22.6162114037682;45.7142857142857;21.4925111229852;1.42857142857143;1.86982368192933
"7";25.7142857142857;25.5869864882721;68.5714285714286;22.9701155499507;5.71428571428571;3.93010906340632
"8";10;16.0898390790489;77.1428571428572;13.0149051130633;11.4285714285714;6.4323297284707
"9";2.85714285714286;5.71616510447443;78.5714285714286;5.3652820375673;17.1428571428571;6.58905775223579
"10";1.42857142857143;1.76339434424607;74.2857142857143;5.60994973086339;22.8571428571429;6.56251438543766
"11";0;0.586273344048659;68.5714285714286;7.39262558207689;30;7.70564818581021
"12";0;0.31943828249997;64.2857142857143;7.38535724330047;34.2857142857143;7.50617361377193
"13";0;0.31943828249997;58.5714285714286;7.20126495631142;40;7.30603093870647
"14";0;0;52.8571428571429;6.27682214505091;45.7142857142857;6.27682214505091
"15";0;0;48.5714285714286;5.63097158855817;50;5.63097158855817
"16";0;0;45.7142857142857;5.53089166598278;54.2857142857143;5.53089166598278
"17";0;0;41.4285714285714;5.17367541436773;58.5714285714286;5.17367541436773
"18";0;0;38.5714285714286;5.14243941494817;61.4285714285714;5.14243941494817
"19";0;0;35.7142857142857;5.08309047801961;64.2857142857143;5.08309047801961
"20";0;0;31.4285714285714;4.80500544601124;67.1428571428571;4.80500544601124
"21";0;0;30;5.16692363912886;68.5714285714286;5.16692363912886
"22";0;0;27.1428571428571;5.02357492711467;71.4285714285714;5.02357492711467
"23";0;0;25.7142857142857;5.31449187084971;74.2857142857143;5.31449187084971
"24";0;0;22.8571428571429;5.69357147809305;77.1428571428572;5.69357147809305
"25";0;0;21.4285714285714;5.64383259866189;78.5714285714286;5.64383259866189
"26";0;0;20;5.33466462081182;80;5.33466462081182
"27";0;0;18.5714285714286;5.55027795628756;81.4285714285714;5.55027795628756
"28";0;0;17.1428571428571;5.67845911838623;82.8571428571429;5.67845911838623
"29";0;0;15.7142857142857;5.57345249531276;84.2857142857143;5.57345249531276
"30";0;0;14.2857142857143;5.50119604220181;84.2857142857143;5.50119604220181
"31";0;0;12.8571428571429;5.56380816814358;85.7142857142857;5.56380816814358
"32";0;0;11.4285714285714;5.45462682620032;87.1428571428571;5.45462682620032
"33";0;0;11.4285714285714;4.90730401066219;88.5714285714286;4.90730401066219
"34";0;0;10;4.98924729938226;88.5714285714286;4.98924729938226
"35";0;0;10;4.3503891945355;90;4.3503891945355
"36";0;0;8.57142857142857;4.18682912608598;90;4.18682912608598
"37";0;0;8.57142857142857;3.62293683648501;91.4285714285714;3.62293683648501
"38";0;0;7.14285714285714;3.67518458584932;91.4285714285714;3.67518458584932
"39";0;0;7.14285714285714;3.37107172827979;91.4285714285714;3.37107172827979
"40";0;0;7.14285714285714;3.37743825279605;92.8571428571429;3.37743825279605
"41";0;0;5.71428571428571;3.1639755274908;92.8571428571429;3.1639755274908
"42";0;0;5.71428571428571;3.14012184456448;94.2857142857143;3.14012184456448
"43";0;0;5.71428571428571;3.09533448857037;94.2857142857143;3.09533448857037
"44";0;0;4.28571428571429;2.75766678570249;94.2857142857143;2.75766678570249
"45";0;0;4.28571428571429;2.80401737270353;94.2857142857143;2.80401737270353
"46";0;0;4.28571428571429;2.55654996282457;94.2857142857143;2.55654996282457
"47";0;0;4.28571428571429;2.5721546853219;94.2857142857143;2.5721546853219
"48";0;0;4.28571428571429;2.62984786123506;95.7142857142857;2.62984786123506
"49";0;0;4.28571428571429;2.50516340201625;95.7142857142857;2.50516340201625
"50";0;0;2.85714285714286;2.41295025468256;95.7142857142857;2.41295025468256
"51";0;0;2.85714285714286;2.13935287699176;95.7142857142857;2.13935287699176
"52";0;0;2.85714285714286;1.96698948117361;95.7142857142857;1.96698948117361
"53";0;0;2.85714285714286;1.65409778149097;95.7142857142857;1.65409778149097
"54";0;0;2.85714285714286;1.80949626793329;95.7142857142857;1.80949626793329
"55";0;0;2.85714285714286;1.44677052440524;95.7142857142857;1.44677052440524
"56";0;0;2.85714285714286;1.4824986333222;95.7142857142857;1.4824986333222
"57";0;0;2.85714285714286;1.16642368703961;97.1428571428571;1.16642368703961
"58";0;0;2.85714285714286;1.18864327762549;97.1428571428571;1.18864327762549
"59";0;0;2.85714285714286;1.38202560292406;97.1428571428571;1.38202560292406
"60";0;0;2.85714285714286;0.955082747745031;97.1428571428571;0.955082747745031
"61";0;0;1.42857142857143;0.930484210398471;97.1428571428571;0.930484210398471
"62";0;0;1.42857142857143;0.923813986689805;97.1428571428571;0.923813986689805
"63";0;0;1.42857142857143;0.690065559342354;97.1428571428571;0.690065559342354
"64";0;0;1.42857142857143;0.451753951452626;97.1428571428571;0.451753951452626
"65";0;0;1.42857142857143;0.673435029701474;98.5714285714286;0.673435029701474
"66";0;0;1.42857142857143;0.476190476190476;97.1428571428571;0.476190476190476
"67";0;0;1.42857142857143;0.476190476190476;97.1428571428571;0.476190476190476
"68";0;0;1.42857142857143;0.714285714285714;98.5714285714286;0.714285714285714
"69";0;0;1.42857142857143;0.91552849208808;98.5714285714286;0.91552849208808
"70";0;0;1.42857142857143;0.903507902905251;98.5714285714286;0.903507902905251
"71";0;0;1.42857142857143;0.63887656499994;97.1428571428571;0.63887656499994
"72";0;0;1.42857142857143;0.63887656499994;97.1428571428571;0.63887656499994
"73";0;0;1.42857142857143;0.63887656499994;97.1428571428571;0.63887656499994
"74";0;0;1.42857142857143;0.63887656499994;97.1428571428571;0.63887656499994
"75";0;0;1.42857142857143;0.63887656499994;97.1428571428571;0.63887656499994
"76";0;0;1.42857142857143;0.63887656499994;97.1428571428571;0.63887656499994
"77";0;0;1.42857142857143;1.01015254455221;98.5714285714286;1.01015254455221
"78";0;0;1.42857142857143;0.714285714285714;97.1428571428571;0.714285714285714
"79";0;0;1.42857142857143;0.714285714285714;97.1428571428571;0.714285714285714
"80";0;0;1.42857142857143;1.16642368703961;98.5714285714286;1.16642368703961
"81";0;0;1.42857142857143;0.824786098842322;97.1428571428571;0.824786098842322
"82";0;0;1.42857142857143;0.824786098842322;97.1428571428571;0.824786098842322
"83";0;0;1.42857142857143;0.824786098842322;97.1428571428571;0.824786098842322
"84";0;0;1.42857142857143;1.42857142857143;98.5714285714286;1.42857142857143
"85";0;0;2.85714285714286;1.01015254455221;97.1428571428571;1.01015254455221
"86";0;0;1.42857142857143;0;98.5714285714286;0
"87";0;0;1.42857142857143;0;98.5714285714286;0
