"allS";"sdAllS";"allI";"sdAllI";"allR";"sdAllR"
"1";100;0;0;0;0;0
"2";100;0;0;0;0;0
"3";99.0697674418605;0;0.930232558139535;0;0;0
"4";98.1395348837209;0.701336776674467;1.86046511627907;0.679485461538782;0;0.170394208619778
"5";96.7441860465116;2.07718747539045;2.7906976744186;2.08266169090587;0;0.282314873798551
"6";95.3488372093023;3.42878524743607;4.18604651162791;3.22206675219324;0.465116279069767;0.464503880806723
"7";92.5581395348837;5.0467626242654;6.04651162790698;4.35396904940343;0.930232558139535;0.929007761613447
"8";90.2325581395349;6.90617100666498;8.37209302325581;6.03477818327945;1.3953488372093;1.17278447091413
"9";87.4418604651163;8.30532330193009;10.2325581395349;6.86284007602415;2.32558139534884;1.67547226470132
"10";83.2558139534884;9.41029413764312;13.0232558139535;7.63137581878409;3.25581395348837;2.16762641422154
"11";79.5348837209302;9.88300491002469;15.3488372093023;7.57688935869385;4.65116279069767;3.0314569324524
"12";74.4186046511628;9.8216491014681;18.6046511627907;7.20599191459199;6.51162790697674;3.99303380364808
"13";71.6279069767442;10.4327580671834;20;7.17723772676097;8.37209302325581;4.70436211954569
"14";69.3023255813954;10.8398399319549;20;7.14074854284203;10.2325581395349;5.07897244274586
"15";67.4418604651163;11.4124746066766;20;7.32041040530067;12.093023255814;5.85469838863751
"16";66.046511627907;11.7376490319615;20;7.04119794413786;13.953488372093;6.12544501041136
"17";64.6511627906977;11.8935457765651;19.0697674418605;6.68546327346375;16.2790697674419;6.64345528161408
"18";63.7209302325581;12.2529673230879;18.1395348837209;6.77057695799026;17.6744186046512;7.04385817263645
"19";62.7906976744186;12.6100215772185;16.7441860465116;6.44050577755432;20;7.57443844567001
"20";62.3255813953488;12.9562037354239;15.8139534883721;6.12884882092796;21.3953488372093;8.07953478983186
"21";61.8604651162791;13.0839410807607;14.4186046511628;5.74320843267937;23.2558139534884;8.79209450464679
"22";61.3953488372093;12.9545666453382;13.4883720930233;5.59790081138444;25.1162790697674;9.16793792141118
"23";60.9302325581395;12.9086712139962;12.5581395348837;5.03036938680668;26.5116279069767;9.62636703982303
"24";60.9302325581395;12.8931902121275;11.1627906976744;4.63814868772565;27.906976744186;10.0512126385788
"25";60.4651162790698;12.8750002724069;10.2325581395349;4.39297049848142;28.8372093023256;10.1667104321392
"26";60.4651162790698;12.9608137610165;9.76744186046512;4.2592939672999;29.7674418604651;10.4725278175023
"27";60;12.8285446503546;8.83720930232558;3.98798465456381;30.6976744186047;10.8341969592632
"28";60;12.9723452821052;8.37209302325581;3.73505829776984;31.6279069767442;11.0149106796614
"29";60;12.9630772561184;7.44186046511628;3.87833944841956;32.093023255814;11.0319381311204
"30";60;12.9449855201338;6.97674418604651;3.63491164561556;33.0232558139535;11.2508559425027
"31";59.5348837209302;12.925309703555;6.04651162790698;3.30815846789425;33.953488372093;11.4606915823596
"32";59.5348837209302;12.9010837343056;5.58139534883721;2.99842480836243;34.4186046511628;11.547709455488
"33";59.5348837209302;12.9329376348331;4.65116279069767;2.63592713422917;35.3488372093023;11.5793483730683
"34";59.5348837209302;12.9657220448254;4.65116279069767;2.70332390604049;35.8139534883721;11.6647539005825
"35";59.5348837209302;12.96405889015;4.18604651162791;2.37104071983057;36.2790697674419;11.7102420162068
"36";59.5348837209302;12.9995930773875;3.72093023255814;2.30941332182449;36.7441860465116;11.7552233459489
"37";57.6744186046512;10.5281578926215;3.72093023255814;1.87451941899952;38.6046511627907;9.70183490292265
"38";57.6744186046512;10.5013811539266;3.25581395348837;1.49336542695098;39.0697674418605;9.68969447976175
"39";57.2093023255814;10.5154587888759;3.25581395348837;1.48052823669053;39.5348837209302;9.77021001748837
"40";57.2093023255814;10.5154587888759;2.7906976744186;1.33594480152047;39.5348837209302;9.82549033056659
"41";57.2093023255814;10.4960024537282;2.7906976744186;1.3365400097485;40;9.94640938803109
"42";57.2093023255814;10.4960024537282;2.32558139534884;1.28310518748537;40;10.0047709167645
"43";57.2093023255814;10.4777245829414;2.32558139534884;1.19849426735881;40.4651162790698;10.0797728021807
"44";57.2093023255814;10.4777245829414;1.86046511627907;1.00661130158277;40.4651162790698;10.2536004261978
"45";57.2093023255814;10.4777245829414;1.86046511627907;1.00344584940015;40.4651162790698;10.3218649724765
"46";57.2093023255814;10.4777245829414;1.3953488372093;0.878340594664405;40.9302325581395;10.3653091370295
"47";56.2790697674419;10.1773971277009;1.3953488372093;0.79660357076993;41.8604651162791;10.2395589159329
"48";56.2790697674419;10.1773971277009;1.3953488372093;0.763674096138316;41.8604651162791;10.2585997025178
"49";56.2790697674419;10.1773971277009;1.3953488372093;0.775968605038276;41.8604651162791;10.224759184381
"50";56.2790697674419;10.1773971277009;0.930232558139535;0.813953488372093;42.3255813953488;10.1928404654935
"51";55.8139534883721;10.1643756794097;0.930232558139535;0.645123073656733;42.7906976744186;10.2844751600795
"52";55.8139534883721;10.1643756794097;0.930232558139535;0.630587772220348;42.7906976744186;10.2865784374059
"53";55.8139534883721;10.1643756794097;0.930232558139535;0.60558748527608;43.2558139534884;10.2474471361887
"54";56.7441860465116;10.0537309250017;0.930232558139535;0.531880813857549;42.3255813953488;10.0599360385957
"55";56.7441860465116;10.0537309250017;0.930232558139535;0.518680721001375;42.3255813953488;10.0216791535697
"56";55.3488372093023;9.45427345833824;0.930232558139535;0.368819284231981;43.7209302325581;9.52654373222077
"57";54.8837209302326;9.82065440601028;0.930232558139535;0.300776646829239;44.1860465116279;9.92780864703685
"58";54.8837209302326;9.82065440601028;0.465116279069767;0.313581331378252;44.1860465116279;9.7813250774831
"59";53.953488372093;9.89385405471529;0.465116279069767;0.264021494045371;45.1162790697674;9.879388015137
"60";53.4883720930233;10.1396415612054;0.465116279069767;0.279500098873177;46.046511627907;10.1683444400809
"61";53.0232558139535;10.8309978919985;0.465116279069767;0.298079043935654;46.046511627907;10.9362392486473
"62";54.8837209302326;10.6933401590904;0.465116279069767;0.226953505336868;44.6511627906977;10.7145132050673
"63";54.8837209302326;10.6933401590904;0.465116279069767;0.175797429306617;44.6511627906977;10.6397391190027
"64";53.4883720930233;11.1278522999313;0.465116279069767;0;46.046511627907;11.1278522999313
"65";53.4883720930233;11.1278522999313;0.465116279069767;0;46.046511627907;11.1278522999313
"66";53.4883720930233;11.1278522999313;0.465116279069767;0.189882925797146;46.046511627907;10.972867532496
"67";49.7674418604651;7.13767872242921;0.465116279069767;0;49.7674418604651;7.13767872242921
"68";49.7674418604651;7.13767872242921;0.465116279069767;0.208006323488353;49.7674418604651;7.18600888076246
"69";50.2325581395349;8.04261230967004;0.465116279069767;0;48.8372093023256;8.04261230967004
"70";50.2325581395349;8.04261230967004;0.465116279069767;0;48.8372093023256;8.04261230967004
"71";50.2325581395349;8.04261230967004;0.465116279069767;0;48.8372093023256;8.04261230967004
"72";50.2325581395349;8.04261230967004;0.465116279069767;0;48.8372093023256;8.04261230967004
"73";50.2325581395349;8.04261230967004;0.465116279069767;0;48.8372093023256;8.04261230967004
"74";50.2325581395349;8.04261230967004;0.465116279069767;0;48.8372093023256;8.04261230967004
"75";50.2325581395349;8.04261230967004;0.465116279069767;0;48.8372093023256;8.04261230967004
"76";50.2325581395349;8.04261230967004;0.465116279069767;0.232558139534884;48.8372093023256;7.88757309102553
"77";47.906976744186;7.27030951174782;0.465116279069767;0;51.6279069767442;7.27030951174782
"78";47.906976744186;7.27030951174782;0.465116279069767;0;51.6279069767442;7.27030951174782
"79";47.906976744186;7.27030951174782;0.465116279069767;0;51.6279069767442;7.27030951174782
"80";47.4418604651163;7.51898024991141;0.465116279069767;0.465116279069767;51.6279069767442;7.05894724826804
"81";44.1860465116279;6.57773749940974;0.465116279069767;0;55.3488372093023;6.57773749940974
"82";44.1860465116279;6.57773749940974;0.465116279069767;0;55.3488372093023;6.57773749940974
"83";44.1860465116279;6.57773749940974;0.465116279069767;0;55.3488372093023;6.57773749940974
"84";44.1860465116279;6.57773749940974;0.465116279069767;0;55.3488372093023;6.57773749940974
"85";44.1860465116279;6.57773749940974;0.465116279069767;0;55.3488372093023;6.57773749940974
"86";44.1860465116279;6.57773749940974;0.465116279069767;0;55.3488372093023;6.57773749940974
"87";44.1860465116279;6.57773749940974;0.465116279069767;0;55.3488372093023;6.57773749940974
"88";44.1860465116279;6.57773749940974;0.465116279069767;0;55.3488372093023;6.57773749940974
"89";44.1860465116279;6.57773749940974;0;0.328886874970487;55.3488372093023;6.24885062443926
"90";39.5348837209302;NA;0.465116279069767;NA;60;NA
"91";39.5348837209302;NA;0.465116279069767;NA;60;NA
"92";39.5348837209302;NA;0.465116279069767;NA;60;NA
"93";39.5348837209302;NA;0.465116279069767;NA;60;NA
