"allS";"sdAllS";"allI";"sdAllI";"allR";"sdAllR"
"1";100;0;0;0;0;0
"2";100;0;0;0;0;0
"3";98.5714285714286;0;1.42857142857143;0;0;0
"4";94.2857142857143;2.82975596067797;5.71428571428571;2.91667306019452;0;0.31943828249997
"5";80;10.5580081446651;20;10.4824542677673;0;0.718035271357192
"6";47.1428571428571;21.2721105037709;50;19.7833322851599;1.42857142857143;2.37580898088235
"7";18.5714285714286;16.2247904099045;72.8571428571428;13.3761173579874;7.14285714285714;4.42808631832476
"8";7.14285714285714;7.6454742199069;78.5714285714286;5.6817683817757;12.8571428571429;5.00214776642208
"9";2.85714285714286;2.55865666957077;75.7142857142857;3.6465777844619;21.4285714285714;4.93730837233002
"10";1.42857142857143;1.35921883169644;70;5.36277899006109;28.5714285714286;5.72320732114575
"11";0;0.718035271357192;64.2857142857143;6.905842107191;34.2857142857143;6.83392057766762
"12";0;0.671660494259467;58.5714285714286;6.51982023171809;40;6.57886143875139
"13";0;0.634659511884742;52.8571428571429;5.76062041652145;45.7142857142857;5.94641304836647
"14";0;0.634659511884742;47.1428571428571;7.08851509040475;51.4285714285714;7.19940026145215
"15";0;0.586273344048659;42.8571428571429;6.27810544260309;55.7142857142857;6.44359147574839
"16";0;0.439705008036495;38.5714285714286;6.10681857293196;60;6.16807204740305
"17";0;0.439705008036495;34.2857142857143;5.45019437172484;64.2857142857143;5.54010861239781
"18";0;0.439705008036495;31.4285714285714;5.33516796228776;68.5714285714286;5.45265729126477
"19";0;0.439705008036495;28.5714285714286;5.53283335172488;71.4285714285714;5.6841309617696
"20";0;0.31943828249997;25.7142857142857;5.4467444133738;74.2857142857143;5.48163617212262
"21";0;0.31943828249997;22.8571428571429;5.76062041652145;75.7142857142857;5.7311780393373
"22";0;0.31943828249997;20;5.28256358037137;78.5714285714286;5.24941815608584
"23";0;0.31943828249997;18.5714285714286;4.97253466219216;81.4285714285714;4.92423804265715
"24";0;0.31943828249997;17.1428571428571;4.57659482512277;82.8571428571429;4.55247480529507
"25";0;0.31943828249997;14.2857142857143;4.57131108871595;84.2857142857143;4.57424725132115
"26";0;0.31943828249997;12.8571428571429;4.42808631832476;87.1428571428571;4.39460659583039
"27";0;0.31943828249997;11.4285714285714;4.15269767249961;87.1428571428571;4.13000339399033
"28";0;0.31943828249997;11.4285714285714;4.07765649508932;88.5714285714286;4.04791389166428
"29";0;0.31943828249997;10;3.51382110749967;90;3.44980891140969
"30";0;0.31943828249997;8.57142857142857;3.12555043487467;90;3.0709476804862
"31";0;0.31943828249997;7.14285714285714;3.33825272511133;91.4285714285714;3.24773737648152
"32";0;0.31943828249997;7.14285714285714;2.76058649725158;92.8571428571429;2.67863408448022
"33";0;0.31943828249997;5.71428571428571;2.8796109058084;92.8571428571429;2.81453187733004
"34";0;0.31943828249997;5.71428571428571;2.4786954747837;94.2857142857143;2.42059725787976
"35";0;0.31943828249997;4.28571428571429;2.4645717388765;94.2857142857143;2.42613765711196
"36";0;0.336717514850737;4.28571428571429;1.7761180060463;94.2857142857143;1.71304031948691
"37";0;0.336717514850737;4.28571428571429;1.40740623734825;94.2857142857143;1.34687005940295
"38";0;0.336717514850737;4.28571428571429;1.53436470350131;95.7142857142857;1.51467852488468
"39";0;0.346479464337619;4.28571428571429;1.24924947456458;95.7142857142857;1.24322896012718
"40";0;0.346479464337619;2.85714285714286;1.13600889366351;95.7142857142857;1.14259450763758
"41";0;0.346479464337619;2.85714285714286;1.26120428737846;95.7142857142857;1.29060693726115
"42";0;0.346479464337619;2.85714285714286;1.42857142857143;95.7142857142857;1.46998787265008
"43";0;0.357142857142857;2.85714285714286;1.30083698853788;97.1428571428571;1.36775301108048
"44";0;0.368855556781659;2.85714285714286;0.848024056720948;97.1428571428571;0.96589057683259
"45";0;0.368855556781659;2.85714285714286;1.06174764708172;97.1428571428571;1.18296953030118
"46";0;0.381801774160606;2.85714285714286;0.923151675226949;97.1428571428571;1.06420906238356
"47";0;0.381801774160606;1.42857142857143;0.904748133966644;97.1428571428571;0.923151675226949
"48";0;0.396214425875164;1.42857142857143;0.686263516307516;97.1428571428571;0.723385262202619
"49";0;0.396214425875164;1.42857142857143;0.915018021743355;97.1428571428571;0.983910331030278
"50";0;0.430730492253948;1.42857142857143;0.667284809281305;97.1428571428571;0.720749970156447
"51";0;0.430730492253948;1.42857142857143;0.667284809281305;97.1428571428571;0.720749970156447
"52";0;0.430730492253948;1.42857142857143;0.903507902905251;97.1428571428571;1.00092721392196
"53";0;0.476190476190476;1.42857142857143;0.629940788348712;97.1428571428571;0.714285714285714
"54";0;0.476190476190476;1.42857142857143;0.858464589396188;97.1428571428571;0.952380952380952
"55";0;0.505076272276105;1.42857142857143;0.661300071266108;97.1428571428571;0.739355956438237
"56";0;0.505076272276105;1.42857142857143;0.661300071266108;97.1428571428571;0.739355956438237
"57";0;0.505076272276105;1.42857142857143;0.661300071266108;97.1428571428571;0.739355956438237
"58";0;0.505076272276105;1.42857142857143;0.91552849208808;97.1428571428571;1.01015254455221
"59";0;0.539949247156039;1.42857142857143;0.697071480677524;97.1428571428571;0.763603548321213
"60";0;0.539949247156039;1.42857142857143;0.824786098842322;97.1428571428571;0.985807941917649
"61";0;0.583211843519804;1.42857142857143;0.903507902905251;97.1428571428571;1.07538950387012
"62";0;0.63887656499994;1.42857142857143;0.63887656499994;97.1428571428571;0.782460796435951
"63";0;0.63887656499994;1.42857142857143;0;97.1428571428571;0.63887656499994
"64";0;0.63887656499994;1.42857142857143;0;97.1428571428571;0.63887656499994
"65";0;0.63887656499994;1.42857142857143;0;97.1428571428571;0.63887656499994
"66";0;0.63887656499994;1.42857142857143;0;97.1428571428571;0.63887656499994
"67";0;0.63887656499994;1.42857142857143;0;97.1428571428571;0.63887656499994
"68";0;0.63887656499994;1.42857142857143;0.63887656499994;98.5714285714286;1.01015254455221
"69";0;0.714285714285714;1.42857142857143;0.714285714285714;98.5714285714286;0
"70";0;0;1.42857142857143;0;98.5714285714286;0
"71";0;0;1.42857142857143;0;98.5714285714286;0
"72";0;0;1.42857142857143;0;98.5714285714286;0
"73";0;0;1.42857142857143;0;98.5714285714286;0
"74";0;0;1.42857142857143;0.824786098842322;98.5714285714286;0.824786098842322
"75";0;0;1.42857142857143;0;98.5714285714286;0
"76";0;0;1.42857142857143;0;98.5714285714286;0
"77";0;0;0;1.01015254455221;98.5714285714286;1.01015254455221
"78";0;NA;1.42857142857143;NA;98.5714285714286;NA
"79";0;NA;1.42857142857143;NA;98.5714285714286;NA
"80";0;NA;1.42857142857143;NA;98.5714285714286;NA
