"allS";"sdAllS";"allI";"sdAllI";"allR";"sdAllR"
"1";100;0;0;0;0;0
"2";100;0;0;0;0;0
"3";99.21875;0;0.78125;0;0;0
"4";97.65625;2.32965884654447;2.34375;2.32965884654447;0;0
"5";88.28125;13.5702283454576;10.9375;13.4471068015479;0;0.286209022291034
"6";70.3125;27.8509987740064;28.90625;27.1502788920201;0.78125;0.964356282009567
"7";51.5625;34.790102633685;45.3125;32.0802537540003;2.34375;3.57811781773584
"8";37.5;34.2214911182805;56.25;30.1784574880994;5.46875;5.2455325897847
"9";22.65625;26.0208935788285;66.40625;20.4754415482847;10.9375;7.59708499253312
"10";14.84375;19.8444370938282;68.75;14.7748187887162;15.625;8.47560501622639
"11";9.375;9.95929128338581;69.53125;6.89412047418473;21.09375;9.41602864241273
"12";6.25;4.69092528361382;67.1875;7.44977586903818;26.5625;9.92086947234736
"13";4.6875;2.61988131364528;62.5;8.69511753730639;32.03125;9.86458449119095
"14";3.90625;2.08675705517196;58.59375;8.63787019670287;37.5;9.35689803292796
"15";3.90625;1.93222553617864;54.6875;8.51572769064645;41.40625;8.84973121618302
"16";3.125;2.03742594625587;50.78125;8.4827611567287;45.3125;8.70373367570842
"17";3.125;2.04354829601796;46.875;7.86872131757194;49.21875;7.93129707669013
"18";3.125;2.00475437730015;42.96875;7.45265001106989;53.125;7.4583949724249
"19";3.125;2.00029837184078;39.0625;7.67770222338175;57.03125;7.69534786686295
"20";3.125;1.97425521710864;35.9375;7.71896677963459;60.15625;7.62030588721299
"21";3.125;1.97425521710864;33.59375;7.62054008073418;63.28125;7.55822496791212
"22";3.125;2.01540859428072;30.46875;7.13880738044237;66.40625;7.06138967492107
"23";3.125;2.03830169353304;27.34375;7.02083577359529;68.75;6.9091183909953
"24";3.125;2.03830169353304;25;6.07537716096921;71.875;5.88133980050887
"25";3.125;2.03830169353304;23.4375;5.40176710497219;73.4375;5.23465116121459
"26";3.125;2.03830169353304;21.875;5.66904257144895;75;5.5600153996655
"27";3.125;2.03830169353304;20.3125;5.34630840144785;76.5625;5.40573025085012
"28";3.125;2.03830169353304;18.75;5.05955260385438;78.125;5.02664171833907
"29";3.125;2.03830169353304;17.1875;4.15723301592348;79.6875;4.1935638156874
"30";3.125;2.03830169353304;15.625;4.03081718856144;80.46875;4.03833696379017
"31";3.125;2.03830169353304;14.0625;3.7818268976574;82.8125;3.92766425620914
"32";3.125;2.03830169353304;12.5;3.35895528963879;83.59375;3.44550669074871
"33";3.125;2.03830169353304;11.71875;3.52841949774212;84.375;3.59406780949179
"34";3.125;2.03830169353304;10.9375;3.33335474910884;85.15625;3.53145295825175
"35";3.125;2.03830169353304;10.15625;3.01986429557184;86.71875;3.08765607218523
"36";3.125;2.03830169353304;9.375;2.8552229445116;87.5;3.16133843055669
"37";3.125;2.03830169353304;8.59375;2.41574368906801;88.28125;2.60895940548316
"38";3.125;2.03830169353304;7.8125;2.03216353726229;89.0625;2.37025100377712
"39";3.125;2.03830169353304;7.03125;1.88642504778001;89.84375;2.30845747694865
"40";3.125;2.03830169353304;6.25;1.8996235848858;89.84375;2.26396232346008
"41";3.125;2.03830169353304;6.25;1.72534122928079;90.625;2.34146452895423
"42";3.125;2.03830169353304;5.46875;1.49597985586928;91.40625;2.18289380327116
"43";3.125;2.03830169353304;4.6875;1.54758045155025;91.40625;2.19186854933709
"44";3.125;2.03830169353304;4.6875;1.59416023558648;92.1875;2.12992715458652
"45";3.125;2.03830169353304;4.6875;1.567062053504;92.1875;2.21535497193594
"46";3.125;2.03830169353304;3.90625;1.60642747671303;92.1875;2.229007823493
"47";3.125;2.03830169353304;3.90625;1.75609839671568;92.96875;2.29372166633233
"48";3.125;2.03830169353304;3.125;1.69402571880267;92.96875;2.41278684133924
"49";3.125;2.03830169353304;3.125;1.75812974313998;92.96875;2.50425100020004
"50";3.125;2.06651066403023;3.125;1.49797849384252;92.96875;2.15856800904516
"51";3.125;2.06651066403023;3.125;1.5269913352033;93.75;2.05635100423405
"52";3.125;2.06651066403023;3.125;1.44304397684812;93.75;2.14605715209098
"53";3.125;2.06651066403023;2.34375;0.986595722310332;93.75;1.80256053836904
"54";3.125;2.06651066403023;2.34375;0.966167097501316;94.53125;1.74635712256991
"55";3.125;2.06651066403023;2.34375;0.949507795178415;94.53125;1.85276250119252
"56";3.125;2.06651066403023;2.34375;1.00760011473666;94.53125;1.9178285321151
"57";3.125;2.06651066403023;1.5625;1.05687428374144;94.53125;1.95542144406188
"58";3.125;2.14429050523322;1.5625;0.854329411579388;94.53125;1.98092198750302
"59";3.125;2.14429050523322;1.5625;0.669022530138809;95.3125;2.07681271222676
"60";3.125;2.14429050523322;1.5625;0.669022530138809;95.3125;2.07681271222676
"61";3.125;2.14429050523322;1.5625;0.629863886585824;95.3125;2.11322950298629
"62";3.125;2.14429050523322;1.5625;0.570544330734548;95.3125;2.30876669367724
"63";3.125;2.14429050523322;0.78125;0.635891429535145;95.3125;2.33886209061292
"64";3.125;2.21365108272994;0.78125;0.575615935635162;95.3125;2.34746729020266
"65";3.125;2.21365108272994;0.78125;0.637887953849786;95.3125;2.4325919756996
"66";3.125;2.13326230891565;0.78125;0.590569489076918;95.3125;2.24658361087966
"67";3.125;2.13326230891565;0.78125;0.657732332922731;95.3125;2.32795732396404
"68";3.125;2.10078825636401;0.78125;0.724069293747108;95.3125;2.29141625234404
"69";3.125;2.12783901262205;0.78125;0.640780884581816;95.3125;2.31995496748027
"70";3.125;2.12783901262205;0.78125;0.526718642549408;95.3125;2.21722899210007
"71";3.125;2.12783901262205;0.78125;0.614254213364763;95.3125;2.24705852550517
"72";3.125;2.24170200173514;0.78125;0.546254608421954;95.3125;2.33069279534005
"73";3.125;2.24170200173514;0.78125;0.643181720584816;95.3125;2.36391785789796
"74";3.125;2.37607911339774;0.78125;0.567564966606859;95.3125;2.46365728234694
"75";3.125;2.37607911339774;0.78125;0.676582346706593;95.3125;2.53153933531557
"76";3.125;2.50557414292898;1.5625;0.590569489076918;95.3125;2.57423272202473
"77";3.125;2.50557414292898;0.78125;0.715722954150707;95.3125;2.58900908697814
"78";3.125;2.70095434798164;0.78125;0.614684212866752;95.3125;2.6847646655757
"79";3.125;2.70095434798164;0.78125;0.614684212866752;95.3125;2.6847646655757
"80";3.125;2.70095434798164;0.78125;0.614684212866752;95.3125;2.6847646655757
"81";3.125;2.70095434798164;0.78125;0.835191380976326;95.3125;2.88312451934488
"82";3.90625;2.72878893696453;0.78125;0.890762050858702;94.53125;2.38249229405889
"83";3.125;2.50122040524721;1.5625;0.747989927934639;95.3125;2.47052942200655
"84";3.125;2.50122040524721;1.5625;0.747989927934639;95.3125;2.47052942200655
"85";3.125;2.50122040524721;1.5625;1.00858941307485;95.3125;2.33287407124595
"86";2.34375;2.51136738567525;1.5625;0.78125;95.3125;2.74365983147207
"87";2.34375;2.51136738567525;1.5625;0.78125;95.3125;2.74365983147207
"88";2.34375;2.51136738567525;1.5625;0.78125;95.3125;2.74365983147207
"89";2.34375;2.51136738567525;1.5625;0.451054897804395;96.09375;2.81683693395624
"90";2.34375;2.51136738567525;1.5625;0.451054897804395;96.09375;2.81683693395624
"91";2.34375;2.51136738567525;1.5625;0.451054897804395;96.09375;2.81683693395624
"92";2.34375;2.51136738567525;1.5625;0.451054897804395;96.09375;2.81683693395624
"93";2.34375;2.51136738567525;1.5625;0.451054897804395;96.09375;2.81683693395624
"94";2.34375;2.51136738567525;0.78125;0.451054897804395;96.09375;2.38675817445617
"95";2.34375;2.51136738567525;0.78125;0;96.09375;2.51136738567525
"96";2.34375;2.51136738567525;0.78125;0;96.09375;2.51136738567525
