"allS";"sdAllS";"allI";"sdAllI";"allR";"sdAllR"
"1";100;0;0;0;0;0
"2";100;0;0;0;0;0
"3";98.3333333333333;0;1.66666666666667;0;0;0
"4";96.6666666666667;2.26045330029333;3.33333333333333;2.23606797749979;0;0.610579247554205
"5";86.6666666666667;9.05595019410601;11.6666666666667;8.67037707348944;0;0.740436097198865
"6";71.6666666666667;19.8672494910388;26.6666666666667;19.5198204861844;0;1.49071198499986
"7";53.3333333333333;24.1938745812129;41.6666666666667;22.0132535835422;3.33333333333333;3.30691283746939
"8";33.3333333333333;22.0412956391019;58.3333333333333;19.0689729926431;6.66666666666667;5.13274090908221
"9";20;16.6532841008922;66.6666666666667;13.5713406319975;11.6666666666667;6.54438288675266
"10";11.6666666666667;9.90303869721796;70;8.29112115811122;18.3333333333333;8.68385609767609
"11";6.66666666666667;4.77872967533648;70;7.38409465006846;21.6666666666667;9.06885615978022
"12";5;3.07793505625546;66.6666666666667;8.06543052729631;26.6666666666667;8.97486744269993
"13";3.33333333333333;2.32423036371736;63.3333333333333;6.76409077235131;33.3333333333333;7.25274700932595
"14";3.33333333333333;2.15448668259915;58.3333333333333;7.83417315393577;38.3333333333333;7.91539694342171
"15";3.33333333333333;2.12200941953804;53.3333333333333;8.13985933180177;43.3333333333333;8.13985933180177
"16";3.33333333333333;2.12888791219502;50;7.3523477572718;46.6666666666667;7.58721223333605
"17";3.33333333333333;2.12888791219502;45;7.4980504288727;51.6666666666667;7.84116816097289
"18";1.66666666666667;2.19482378836851;41.6666666666667;8.24470413046038;56.6666666666667;8.35960770225927
"19";1.66666666666667;2.19482378836851;38.3333333333333;7.48097000934383;58.3333333333333;7.73227079814891
"20";1.66666666666667;2.12200941953804;33.3333333333333;7.01085207258189;63.3333333333333;7.51411926336637
"21";1.66666666666667;2.12200941953804;31.6666666666667;6.51752024741301;65;7.02699473251263
"22";1.66666666666667;2.12200941953804;28.3333333333333;6.50854139658888;68.3333333333333;7.0353119358766
"23";1.66666666666667;2.12200941953804;26.6666666666667;6.03595465009568;70;6.67981160220374
"24";1.66666666666667;2.12200941953804;23.3333333333333;5.9603956067927;73.3333333333333;6.25715964185234
"25";1.66666666666667;2.12200941953804;21.6666666666667;6.1004026326712;75;6.37234063325234
"26";1.66666666666667;2.12200941953804;20;5.48456099945339;76.6666666666667;5.75511468428213
"27";1.66666666666667;2.12200941953804;18.3333333333333;4.45904036039959;78.3333333333333;4.90851986361082
"28";1.66666666666667;2.12200941953804;16.6666666666667;4.27148850344792;80;4.6390158262564
"29";1.66666666666667;2.12200941953804;16.6666666666667;4.19202807900957;80;4.89360484929593
"30";1.66666666666667;2.12200941953804;15;3.94683232227022;81.6666666666667;4.92264726954419
"31";1.66666666666667;2.12200941953804;13.3333333333333;3.66347548532523;83.3333333333333;4.72952651463459
"32";1.66666666666667;2.12200941953804;13.3333333333333;3.44017373422294;85;4.47458711218827
"33";1.66666666666667;2.12200941953804;11.6666666666667;3.10041498825806;85;4.16315641611377
"34";1.66666666666667;2.12200941953804;10;3.21159267114933;86.6666666666667;4.32167798254281
"35";1.66666666666667;2.12200941953804;10;2.98142396999972;88.3333333333333;4.25777582439003
"36";1.66666666666667;1.97017231413103;8.33333333333333;2.96174438879546;88.3333333333333;4.30133258285198
"37";1.66666666666667;1.97017231413103;6.66666666666667;2.5520889276702;90;3.75024365680153
"38";1.66666666666667;1.94965883955201;6.66666666666667;1.94548844153682;90;2.7395023807887
"39";1.66666666666667;1.94965883955201;6.66666666666667;2.32230756159822;90;3.05356128433981
"40";1.66666666666667;1.94965883955201;6.66666666666667;2.45822801836067;90;3.36002954905166
"41";1.66666666666667;1.94965883955201;5;1.74289609834225;91.6666666666667;2.835654364078
"42";1.66666666666667;1.94965883955201;5;1.88182373212913;91.6666666666667;2.78944916438278
"43";1.66666666666667;1.94965883955201;5;1.57650883821153;91.6666666666667;2.53948673012907
"44";1.66666666666667;1.94965883955201;3.33333333333333;1.49180128875136;93.3333333333333;2.26206964179432
"45";1.66666666666667;1.94965883955201;3.33333333333333;1.4249699334516;93.3333333333333;2.43498968967507
"46";1.66666666666667;1.94965883955201;3.33333333333333;1.49723591982364;93.3333333333333;2.50405778549785
"47";1.66666666666667;1.94965883955201;3.33333333333333;1.51877998985036;93.3333333333333;2.5072992856064
"48";1.66666666666667;1.94965883955201;3.33333333333333;1.55576439700854;93.3333333333333;2.90078522227741
"49";1.66666666666667;1.94965883955201;3.33333333333333;1.55576439700854;93.3333333333333;2.90078522227741
"50";1.66666666666667;1.94965883955201;3.33333333333333;1.39617969430565;95;2.72165526975909
"51";1.66666666666667;1.94965883955201;3.33333333333333;1.39617969430565;95;2.72165526975909
"52";1.66666666666667;1.94965883955201;1.66666666666667;1.49180128875136;95;2.63985054807641
"53";1.66666666666667;1.93332488165834;1.66666666666667;1.03057823733474;95;2.41269111810288
"54";1.66666666666667;1.93332488165834;1.66666666666667;0.937159524230645;95;2.36567225725758
"55";1.66666666666667;1.9124349420065;1.66666666666667;0.797855923130282;95;2.17040276173528
"56";1.66666666666667;1.9124349420065;1.66666666666667;0.906509381782262;95;2.35456609197565
"57";1.66666666666667;1.87577144623713;1.66666666666667;0.690065559342354;95;2.05737799949456
"58";1.66666666666667;1.87577144623713;1.66666666666667;0.690065559342354;95;2.05737799949456
"59";1.66666666666667;1.87577144623713;1.66666666666667;0.690065559342354;95;2.05737799949456
"60";1.66666666666667;1.87577144623713;1.66666666666667;0.86066296582387;95;2.16391767000034
"61";3.33333333333333;1.9337311703844;1.66666666666667;0.791051910915539;95;1.81568259800641
"62";1.66666666666667;1.86816179439268;1.66666666666667;0.962250448649376;95;1.98821313067575
"63";1.66666666666667;2.01007563051842;1.66666666666667;0.502518907629606;95;2.15556596894288
"64";1.66666666666667;2.01007563051842;1.66666666666667;0.898933149950989;95;2.12012959390446
"65";1.66666666666667;2.00308404192444;1.66666666666667;0.833333333333333;95;2.46894289369877
"66";1.66666666666667;1.97955823194237;1.66666666666667;0.58925565098879;95;2.18217890235992
"67";1.66666666666667;1.97955823194237;1.66666666666667;1.06811657410276;95;2.78174320132093
"68";3.33333333333333;1.63865346708362;1.66666666666667;0;95;1.63865346708362
"69";3.33333333333333;1.63865346708362;1.66666666666667;0.86066296582387;95;1.74801474695025
"70";3.33333333333333;2.09717623201965;1.66666666666667;0;95;2.09717623201965
"71";3.33333333333333;2.09717623201965;1.66666666666667;0.833333333333333;95;1.66666666666667
"72";1.66666666666667;1.92450089729875;1.66666666666667;0;95;1.92450089729875
"73";1.66666666666667;1.92450089729875;1.66666666666667;0;95;1.92450089729875
"74";1.66666666666667;1.92450089729875;1.66666666666667;0;95;1.92450089729875
"75";1.66666666666667;1.92450089729875;1.66666666666667;0.962250448649376;96.6666666666667;1.66666666666667
"76";1.66666666666667;2.35702260395516;1.66666666666667;0;96.6666666666667;2.35702260395516
"77";1.66666666666667;2.35702260395516;1.66666666666667;0;96.6666666666667;2.35702260395516
"78";1.66666666666667;2.35702260395516;1.66666666666667;0;96.6666666666667;2.35702260395516
"79";1.66666666666667;2.35702260395516;1.66666666666667;0;96.6666666666667;2.35702260395516
"80";1.66666666666667;2.35702260395516;1.66666666666667;0;96.6666666666667;2.35702260395516
"81";1.66666666666667;2.35702260395516;1.66666666666667;0;96.6666666666667;2.35702260395516
"82";1.66666666666667;2.35702260395516;0;1.17851130197758;96.6666666666667;1.17851130197758
"83";0;NA;1.66666666666667;NA;98.3333333333333;NA
"84";0;NA;1.66666666666667;NA;98.3333333333333;NA
"85";0;NA;1.66666666666667;NA;98.3333333333333;NA
