"allS";"sdAllS";"allI";"sdAllI";"allR";"sdAllR"
"1";100;0;0;0;0;0
"2";100;0;0;0;0;0
"3";99.21875;0;0.78125;0;0;0
"4";97.65625;2.48705271947355;2.34375;2.362860683272;0;0.347079420561968
"5";89.84375;8.88274220100431;10.15625;8.72421404115952;0;0.544290834749583
"6";75.78125;17.6946218846392;22.65625;16.7649965665836;0.78125;1.35448292528294
"7";59.375;22.0405604316055;36.71875;19.9829885849211;3.125;2.90970739294746
"8";44.53125;20.955984901212;49.21875;17.7597574734898;6.25;4.64427868626726
"9";34.375;18.5430757275557;54.6875;14.931020388351;10.9375;6.64176708015291
"10";27.34375;12.4709835458653;56.25;9.48232156627185;15.625;7.48562332784382
"11";23.4375;8.97011127778757;54.6875;8.16589251276128;21.09375;8.49810545245628
"12";20.3125;6.68942498733518;52.34375;7.78205874868955;26.5625;8.20143875386547
"13";18.75;5.69103639012381;49.21875;6.90084770912474;31.25;7.81820880602303
"14";17.1875;4.83923813633216;46.09375;6.87545685616557;35.9375;7.73790225775124
"15";16.40625;4.58004579563694;42.96875;7.14405530984345;39.84375;7.49158122768055
"16";16.40625;4.37191503075989;39.84375;6.39257383441409;43.75;7.32122182228661
"17";15.625;4.12577591608199;35.15625;5.71918987778751;48.4375;6.79740274468601
"18";15.625;4.02904579001904;32.8125;6.01366962885149;51.5625;6.77109690782526
"19";14.84375;4.04981078879904;29.6875;5.28182795117826;54.6875;6.64364772536023
"20";14.84375;4.03303034262297;27.34375;5.22987595228058;57.8125;6.11869799391312
"21";14.0625;3.81003584324708;25;5.20113263203961;60.15625;6.13122706790306
"22";14.0625;3.68284781867994;22.65625;4.86645194022058;62.5;5.65895978432815
"23";14.0625;3.82779398706135;21.875;4.49072229314854;64.0625;4.98600300068904
"24";14.0625;3.80394165712987;20.3125;4.31893509835144;65.625;4.82705278575771
"25";13.28125;3.75768279759082;17.96875;4.30569187791168;67.96875;5.1511388144299
"26";13.28125;3.66292594149143;16.40625;3.73386055419292;69.53125;4.66842488221112
"27";13.28125;3.72476815357414;14.84375;3.6872065065579;71.09375;4.72541923942248
"28";13.28125;3.79595757422765;13.28125;3.80863035810491;72.65625;4.3674224268979
"29";13.28125;3.94851043421729;11.71875;3.66048902688366;74.21875;4.44919978719152
"30";13.28125;3.87643961420816;10.9375;3.04223832797911;75.78125;4.48236893384931
"31";13.28125;3.93946043278289;10.15625;2.92865935906643;76.5625;4.51489916438305
"32";13.28125;3.94263029627979;9.375;2.87949666622556;77.34375;4.6115001234043
"33";13.28125;3.91811064857274;9.375;2.93839319349471;77.34375;4.48714418619838
"34";12.5;3.98629608399806;8.59375;2.7462604574886;78.125;4.33007756086586
"35";12.5;3.98629608399806;7.8125;2.69244559739954;78.90625;4.15078868866371
"36";12.5;4.04319524810854;7.03125;2.82379756599397;79.6875;4.27031514293221
"37";12.5;4.01617978481566;6.25;2.43707354944001;80.46875;4.25901633251318
"38";12.5;4.01395733996349;5.46875;2.37926911245931;81.25;4.18973193770142
"39";12.5;4.01395733996349;4.6875;2.26868711953522;82.03125;4.51094462288293
"40";12.5;4.01395733996349;3.90625;2.19999563895102;82.8125;4.41214261636059
"41";12.5;4.01395733996349;3.90625;2.16153264245548;82.8125;4.27824827005562
"42";12.5;4.01395733996349;3.125;1.92018085780514;83.59375;4.2316917587079
"43";12.5;4.01395733996349;3.125;1.95335342231527;83.59375;4.31438732644144
"44";12.5;4.09447454983622;3.125;1.89901559035683;84.375;4.42054556189015
"45";12.5;4.09447454983622;2.34375;1.98729304323894;84.375;4.42054556189015
"46";11.71875;3.71728124572712;2.34375;1.92418821512457;85.15625;4.40874183165032
"47";11.71875;3.71728124572712;2.34375;1.97255955827384;85.15625;4.42043275689972
"48";11.71875;3.71728124572712;2.34375;1.79507582560434;85.15625;4.39140258317526
"49";11.71875;3.67539333941941;2.34375;1.56393546194721;85.9375;4.17987003106107
"50";11.71875;3.67539333941941;1.5625;1.56536960755984;85.9375;4.1513197759692
"51";11.71875;3.67539333941941;1.5625;1.47533771760037;85.9375;3.98304566203602
"52";11.71875;3.78153784630974;1.5625;1.43258756413221;85.9375;3.94253976411991
"53";11.71875;3.78153784630974;1.5625;1.42279045621331;85.9375;3.90071222045704
"54";11.71875;3.78153784630974;1.5625;1.24347254024097;85.9375;3.86666136993396
"55";11.71875;3.78153784630974;1.5625;1.14886259139475;85.9375;3.8472100788266
"56";11.71875;3.90401721902306;1.5625;1.12311763816916;85.9375;3.92480711157825
"57";11.71875;3.90401721902306;1.5625;1.03138527251321;85.9375;3.985797190158
"58";12.5;3.92936157451077;1.5625;0.9912612894816;85.9375;3.8955037623081
"59";12.5;3.92936157451077;1.5625;0.977635056611021;85.9375;4.01588922731413
"60";12.5;3.99635657636011;1.5625;0.599959099834613;85.9375;4.10358905215597
"61";12.5;3.99635657636011;1.5625;0.606445332661082;85.9375;4.11691551885912
"62";12.5;3.99635657636011;1.5625;0.606445332661082;85.9375;4.11691551885912
"63";12.5;3.99635657636011;0.78125;0.685201577583617;85.9375;4.12925158471117
"64";12.5;4.17405831105543;0.78125;0.693457316092652;85.9375;4.41103933245037
"65";12.5;4.15362542445352;1.5625;0.55242717280199;85.9375;4.38011234040673
"66";12.5;4.15362542445352;0.78125;0.546254608421954;85.9375;4.49247055267663
"67";12.5;4.15362542445352;0.78125;0.546254608421954;85.9375;4.49247055267663
"68";12.5;4.15362542445352;0.78125;0.494105884401309;85.9375;4.55840760146689
"69";13.28125;3.66438731236205;0.78125;0.46947282232604;85.15625;3.80956740581453
"70";13.28125;3.82732772309872;0.78125;0.417595690488163;85.9375;3.87262311895033
"71";13.28125;4.00543715288535;0.78125;0.702918289720654;85.9375;4.05232815394582
"72";12.5;3.78724988860651;1.5625;0.956831930774679;86.71875;4.13398642353842
"73";12.5;3.78724988860651;1.5625;0.956831930774679;86.71875;4.13398642353842
"74";12.5;3.78724988860651;1.5625;0.956831930774679;86.71875;4.13398642353842
"75";12.5;3.78724988860651;0.78125;1.06739070478746;86.71875;4.17560889397183
"76";12.5;4.22886518835136;1.5625;1.04815686445303;85.9375;4.60208639844473
"77";12.5;4.22886518835136;1.5625;1.04815686445303;85.9375;4.60208639844473
"78";12.5;4.22886518835136;0.78125;0.698771242968684;86.71875;4.45381025429351
"79";12.5;4.22886518835136;0.78125;0.855816496101822;86.71875;4.22164252690822
"80";10.9375;3.14931943292912;1.5625;0.78125;87.5;3.7399496396732
"81";10.9375;3.14931943292912;0.78125;0.390625;88.28125;3.43513175996691
"82";10.9375;3.14931943292912;0.78125;0.390625;88.28125;3.43513175996691
"83";10.9375;3.14931943292912;0.78125;0.390625;88.28125;3.43513175996691
"84";10.9375;3.14931943292912;0.78125;0.390625;88.28125;3.43513175996691
"85";10.9375;3.14931943292912;0.78125;0.390625;88.28125;3.43513175996691
"86";10.9375;3.14931943292912;0.78125;0;88.28125;3.14931943292912
"87";10.9375;3.14931943292912;0.78125;0.390625;88.28125;3.46461841032554
"88";11.71875;2.38675817445617;0.78125;0;86.71875;2.38675817445617
"89";11.71875;2.38675817445617;0.78125;0.451054897804395;87.5;2.06699321176921
"90";10.9375;2.20970869120796;0.78125;0;88.28125;2.20970869120796
"91";10.9375;2.20970869120796;0.78125;0;88.28125;2.20970869120796
"92";10.9375;2.20970869120796;0.78125;0;88.28125;2.20970869120796
"93";10.9375;2.20970869120796;0.78125;0;88.28125;2.20970869120796
"94";10.9375;2.20970869120796;0.78125;0;88.28125;2.20970869120796
"95";10.9375;2.20970869120796;0;0.55242717280199;88.28125;2.76213586400995
"96";12.5;NA;0.78125;NA;86.71875;NA
"97";12.5;NA;0.78125;NA;86.71875;NA
"98";12.5;NA;0.78125;NA;86.71875;NA
"99";12.5;NA;0.78125;NA;86.71875;NA
"100";12.5;NA;0.78125;NA;86.71875;NA
