"allS";"sdAllS";"allI";"sdAllI";"allR";"sdAllR"
"1";100;0;0;0;0;0
"2";100;0;0;0;0;0
"3";99.0697674418605;0;0.930232558139535;0;0;0
"4";98.1395348837209;0.684909748410812;1.86046511627907;0.696040518425861;0;0.104003161744176
"5";95.8139534883721;2.14951639004054;3.72093023255814;2.12661738317137;0;0.340788417239556
"6";93.0232558139535;3.80414896447081;6.51162790697674;3.42787193424025;0.465116279069767;0.666372464568725
"7";87.4418604651163;6.24470399853954;11.1627906976744;5.53689933779272;0.930232558139535;1.06811644191223
"8";80.9302325581395;8.9954270608556;16.7441860465116;8.0544601009011;1.86046511627907;1.62720740345157
"9";73.4883720930233;12.0895155443776;22.3255813953488;10.3181851839235;4.18604651162791;2.39552114031336
"10";66.9767441860465;13.592725107795;26.5116279069767;11.1520501163872;6.04651162790698;3.1627726977672
"11";61.8604651162791;14.5232315595236;28.8372093023256;11.5561063501869;8.83720930232558;4.29021750505055
"12";57.6744186046512;15.6216072574012;30.2325581395349;11.9940161373121;12.093023255814;5.33396901129473
"13";55.3488372093023;16.6179794212294;29.3023255813954;11.8900918759981;15.3488372093023;6.52817446566824
"14";53.953488372093;17.2132550292087;27.906976744186;11.9676202011219;17.6744186046512;7.19364984581808
"15";52.5581395348837;17.5853582990653;26.5116279069767;11.4054360469581;20.4651162790698;7.98061326922395
"16";52.093023255814;17.8472513339464;24.6511627906977;10.9702644609262;23.2558139534884;8.84361682286034
"17";51.6279069767442;17.9372964953484;22.7906976744186;10.2608654853191;25.1162790697674;9.51085128490695
"18";51.1627906976744;18.065946203521;20.9302325581395;9.40249010567408;27.4418604651163;10.3126662864411
"19";51.1627906976744;18.144618438413;19.0697674418605;8.75537059122839;29.7674418604651;10.9436621578406
"20";51.1627906976744;18.166129329543;17.2093023255814;7.84013071664954;31.6279069767442;11.5670131360464
"21";51.1627906976744;18.1830285462243;15.3488372093023;7.10574335488065;33.4883720930233;12.2072563419478
"22";51.1627906976744;18.2031962012137;13.953488372093;6.43860966365848;34.4186046511628;12.6905167661652
"23";51.1627906976744;18.2031962012137;13.0232558139535;5.92880439759358;35.8139534883721;13.1853006552304
"24";51.1627906976744;18.2031962012137;11.1627906976744;5.19966541731508;37.2093023255814;13.9195630014801
"25";51.1627906976744;18.2031962012137;10.2325581395349;4.5167859068917;38.6046511627907;14.4177359867838
"26";51.1627906976744;18.1776425501085;9.30232558139535;4.37327778942042;39.5348837209302;14.4729107212046
"27";51.1627906976744;18.1776425501085;8.37209302325581;4.11132826768627;40.4651162790698;14.8419702057317
"28";51.1627906976744;18.1526488076658;7.44186046511628;3.70091003366499;41.3953488372093;15.1374298878613
"29";51.1627906976744;18.1282172897584;6.97674418604651;3.67505378517518;41.8604651162791;15.3209011005231
"30";51.1627906976744;18.1282172897584;6.51162790697674;3.27672946164577;42.3255813953488;15.5814684227081
"31";51.1627906976744;18.1282172897584;5.58139534883721;3.00673387692421;43.2558139534884;15.7688715895154
"32";51.1627906976744;18.1282172897584;5.11627906976744;2.65210745694183;43.7209302325581;16.1022748115308
"33";51.1627906976744;18.1282172897584;4.65116279069767;2.4444527826299;44.1860465116279;16.4091845056928
"34";51.1627906976744;18.1282172897584;4.18604651162791;2.5110838524037;44.6511627906977;16.3509342244659
"35";51.1627906976744;18.1282172897584;3.72093023255814;2.14208777501431;45.1162790697674;16.7424689722067
"36";51.1627906976744;18.1282172897584;3.25581395348837;1.89847944141155;45.5813953488372;16.8786927175834
"37";51.1627906976744;18.1282172897584;2.7906976744186;1.73686755096199;46.046511627907;17.0504428048246
"38";51.1627906976744;18.1282172897584;2.32558139534884;1.57113816576387;46.5116279069767;17.1164087856295
"39";51.1627906976744;18.1282172897584;2.32558139534884;1.57548033387555;46.5116279069767;17.2211907727298
"40";51.1627906976744;18.1282172897584;2.32558139534884;1.50223046335565;46.5116279069767;17.227404551839
"41";51.1627906976744;18.1282172897584;1.86046511627907;1.34359340295818;46.9767441860465;17.271777826833
"42";49.3023255813954;17.0098081618666;1.86046511627907;1.3087985858147;48.8372093023256;16.3602723050294
"43";49.3023255813954;17.0098081618666;1.86046511627907;1.16347049352183;48.8372093023256;16.4496896954205
"44";49.3023255813954;17.0098081618666;1.3953488372093;1.0382053972138;48.8372093023256;16.4690590071008
"45";47.4418604651163;15.1250573737355;1.3953488372093;0.862809687070943;51.1627906976744;14.7682526978596
"46";47.4418604651163;15.1250573737355;1.3953488372093;0.795893268737672;51.1627906976744;14.8734574735953
"47";47.4418604651163;15.1250573737355;1.3953488372093;0.891423302018233;51.1627906976744;14.8014140083802
"48";46.046511627907;14.7493614879373;0.930232558139535;0.789650872211317;52.5581395348837;14.5936159481996
"49";47.4418604651163;15.3641321156503;1.3953488372093;0.720555041154868;51.1627906976744;15.134719138544
"50";47.4418604651163;15.3641321156503;0.930232558139535;0.588330727473187;51.6279069767442;15.2102877956008
"51";47.4418604651163;15.3641321156503;0.930232558139535;0.583054112119078;51.6279069767442;15.2885153123462
"52";48.3720930232558;15.4396018411071;0.930232558139535;0.547300842246095;50.6976744186047;15.3108048191406
"53";48.3720930232558;15.4396018411071;0.930232558139535;0.66852825706077;50.6976744186047;15.2946483591943
"54";46.5116279069767;13.3097452658657;0.930232558139535;0.581606726902305;52.5581395348837;13.1657860463551
"55";45.1162790697674;11.8058732464138;0.930232558139535;0.431609640529459;53.953488372093;11.7803954808502
"56";45.1162790697674;11.8058732464138;0.930232558139535;0.520015808720881;53.953488372093;11.7553736975301
"57";44.1860465116279;12.4058690155531;0.930232558139535;0.412281516478102;54.4186046511628;12.4152072698038
"58";44.1860465116279;12.4058690155531;0.930232558139535;0.388150214137805;54.4186046511628;12.3695386167256
"59";44.1860465116279;12.4058690155531;0.930232558139535;0.460944748355867;54.8837209302326;12.4665975715281
"60";44.1860465116279;12.4058690155531;0.930232558139535;0.43061399989421;54.8837209302326;12.4183184607485
"61";42.7906976744186;12.892077839475;0.930232558139535;0.351594858613235;55.8139534883721;12.9884045620924
"62";42.7906976744186;12.892077839475;0.930232558139535;0.248615108755744;56.2790697674419;13.0260240690201
"63";42.7906976744186;12.892077839475;0.465116279069767;0.248615108755744;56.2790697674419;13.0631409487184
"64";42.7906976744186;12.892077839475;0.465116279069767;0.175797429306617;56.2790697674419;12.9478914128693
"65";42.7906976744186;12.892077839475;0.465116279069767;0.175797429306617;56.2790697674419;12.9478914128693
"66";42.7906976744186;12.892077839475;0.465116279069767;0.175797429306617;56.2790697674419;12.9478914128693
"67";42.7906976744186;12.892077839475;0.465116279069767;0.175797429306617;56.2790697674419;12.9478914128693
"68";42.7906976744186;12.892077839475;0.465116279069767;0.175797429306617;56.2790697674419;12.9335623555788
"69";44.1860465116279;13.7454779754562;0.465116279069767;0;55.3488372093023;13.7454779754562
"70";44.1860465116279;13.7454779754562;0.465116279069767;0.240185013718289;55.3488372093023;13.6359211295526
"71";40;8.10068246673683;0.465116279069767;0;59.5348837209302;8.10068246673683
"72";40;8.10068246673683;0.465116279069767;0;59.5348837209302;8.10068246673683
"73";40;8.10068246673683;0.465116279069767;0;59.5348837209302;8.10068246673683
"74";40;8.10068246673683;0.465116279069767;0;59.5348837209302;8.10068246673683
"75";40;8.10068246673683;0.465116279069767;0;59.5348837209302;8.10068246673683
"76";40;8.10068246673683;0.465116279069767;0;59.5348837209302;8.10068246673683
"77";40;8.10068246673683;0.465116279069767;0;59.5348837209302;8.10068246673683
"78";40;8.10068246673683;0.465116279069767;0.232558139534884;59.5348837209302;8.17489550584339
"79";41.3953488372093;9.44464769644529;0.465116279069767;0;58.1395348837209;9.44464769644529
"80";41.3953488372093;9.44464769644529;0.465116279069767;0;58.1395348837209;9.44464769644529
"81";41.3953488372093;9.44464769644529;0.465116279069767;0;58.1395348837209;9.44464769644529
"82";41.3953488372093;9.44464769644529;0.465116279069767;0;58.1395348837209;9.44464769644529
"83";41.3953488372093;9.44464769644529;0.465116279069767;0;58.1395348837209;9.44464769644529
"84";41.3953488372093;9.44464769644529;0.465116279069767;0;58.1395348837209;9.44464769644529
"85";41.3953488372093;9.44464769644529;0.465116279069767;0.268535008925407;58.1395348837209;9.55848846002999
"86";43.7209302325581;12.168814373908;0.465116279069767;0;55.8139534883721;12.168814373908
"87";43.7209302325581;12.168814373908;0.465116279069767;0;55.8139534883721;12.168814373908
"88";43.7209302325581;12.168814373908;0;0.328886874970487;56.2790697674419;11.8399274989375
"89";34.8837209302326;NA;0.465116279069767;NA;64.6511627906977;NA
"90";34.8837209302326;NA;0.465116279069767;NA;64.6511627906977;NA
"91";34.8837209302326;NA;0.465116279069767;NA;64.6511627906977;NA
"92";34.8837209302326;NA;0.465116279069767;NA;64.6511627906977;NA
"93";34.8837209302326;NA;0.465116279069767;NA;64.6511627906977;NA
