"allS";"sdAllS";"allI";"sdAllI";"allR";"sdAllR"
"1";100;0;0;0;0;0
"2";100;0;0;0;0;0
"3";98.3333333333333;0;1.66666666666667;0;0;0
"4";96.6666666666667;2.2213082915966;3.33333333333333;2.41220095561966;0;0.610579247554205
"5";90;6.65203071780079;8.33333333333333;6.53127628037218;0;0.624390541054463
"6";81.6666666666667;13.4949994348495;18.3333333333333;13.275336828165;0;0.795944888234866
"7";68.3333333333333;20.5148165920407;28.3333333333333;18.6535041312422;1.66666666666667;2.88956357393695
"8";55;23.1533717303146;40;19.7482531448785;5;5.03238375820034
"9";41.6666666666667;24.0812330036474;48.3333333333333;18.9138122465358;8.33333333333333;7.29272827136909
"10";31.6666666666667;22.9723539245396;55;17.9876139610121;13.3333333333333;9.2137282098164
"11";23.3333333333333;21.5037358677581;56.6666666666667;16.2950779271647;18.3333333333333;10.1146770911171
"12";16.6666666666667;20.95393939927;56.6666666666667;15.9886452561812;25;11.3883540025585
"13";8.33333333333333;5.4906337360572;58.3333333333333;9.74297504963036;31.6666666666667;9.99818429412938
"14";6.66666666666667;4.05235346773341;56.6666666666667;10.7236359933531;36.6666666666667;10.2762319982247
"15";5;3.4523943676827;51.6666666666667;9.04278541415629;41.6666666666667;8.7660010350613
"16";5;3.13112145542575;48.3333333333333;9.35074628379506;46.6666666666667;8.97021619048249
"17";3.33333333333333;3.19568745353071;43.3333333333333;9.76856369182835;53.3333333333333;8.78668779193509
"18";3.33333333333333;3.23380833381777;38.3333333333333;8.6864195879434;58.3333333333333;7.81503680672628
"19";3.33333333333333;3.01894285748523;35;8.87099915446662;60;8.4259558523733
"20";3.33333333333333;3.01894285748523;31.6666666666667;7.90569415042095;65;7.66550621131258
"21";3.33333333333333;3.01894285748523;28.3333333333333;7.23101526062187;68.3333333333333;7.32580322443069
"22";3.33333333333333;2.92889593064503;25;6.12520656062408;70;5.99261225157077
"23";3.33333333333333;2.83278861866266;23.3333333333333;6.51307271528777;73.3333333333333;6.47392961854563
"24";3.33333333333333;2.83278861866266;20;6.01076255739847;76.6666666666667;6.0499014198202
"25";3.33333333333333;2.83278861866266;18.3333333333333;6.0738615192099;78.3333333333333;5.9378284605093
"26";3.33333333333333;2.83278861866266;16.6666666666667;6.19593536968401;80;5.75223741635528
"27";3.33333333333333;2.83278861866266;15;5.20198414746172;80;4.69571568818382
"28";3.33333333333333;2.83278861866266;13.3333333333333;4.48207111841503;83.3333333333333;3.92952623996688
"29";3.33333333333333;2.83278861866266;11.6666666666667;3.32378807612913;85;2.98416299122048
"30";3.33333333333333;2.83278861866266;10;2.87256574980071;86.6666666666667;2.45696437272314
"31";3.33333333333333;2.83278861866266;8.33333333333333;2.57071378291466;86.6666666666667;2.5918143867841
"32";3.33333333333333;2.83278861866266;8.33333333333333;2.34930728831522;88.3333333333333;2.80056016805602
"33";3.33333333333333;2.83278861866266;8.33333333333333;2.50090760576597;88.3333333333333;2.8662385047835
"34";3.33333333333333;2.83278861866266;6.66666666666667;2.62833286016439;88.3333333333333;2.98416299122048
"35";3.33333333333333;2.83278861866266;6.66666666666667;2.39522643160898;90;2.80056016805602
"36";3.33333333333333;2.83278861866266;6.66666666666667;2.15797653951521;90;2.04568376758944
"37";3.33333333333333;2.83278861866266;5;2.39522643160898;91.6666666666667;2.06115647466947
"38";3.33333333333333;2.87256574980071;5;1.9751313350888;91.6666666666667;2.27320999032881
"39";3.33333333333333;2.87256574980071;5;1.9751313350888;91.6666666666667;2.64297069935462
"40";3.33333333333333;2.87256574980071;5;2.10527659524435;91.6666666666667;2.7675465173128
"41";3.33333333333333;2.87256574980071;3.33333333333333;2.34834109156931;93.3333333333333;2.84038913839571
"42";1.66666666666667;1.81301876356452;3.33333333333333;2.26691175145591;93.3333333333333;2.58198889747161
"43";1.66666666666667;1.85449546754729;3.33333333333333;1.60191684120542;93.3333333333333;2.31169101393663
"44";1.66666666666667;1.85449546754729;3.33333333333333;1.52579236072354;93.3333333333333;2.28868854108532
"45";1.66666666666667;1.85449546754729;3.33333333333333;1.3313477278633;93.3333333333333;2.22420546422536
"46";1.66666666666667;1.85449546754729;3.33333333333333;1.38968231305465;95;1.97872279901555
"47";1.66666666666667;1.75150380181305;3.33333333333333;1.24157723944749;95;2.05242642071627
"48";1.66666666666667;1.75150380181305;1.66666666666667;1.05553948962775;95;1.9297807450728
"49";1.66666666666667;1.75150380181305;1.66666666666667;1.2104550653376;95;1.8198807136639
"50";1.66666666666667;1.59012264573838;1.66666666666667;0.730881682755858;95;1.71925578546081
"51";1.66666666666667;1.59012264573838;1.66666666666667;0.625889680165676;95;1.8198807136639
"52";1.66666666666667;1.59012264573838;1.66666666666667;0.924500327042049;96.6666666666667;1.85860591692159
"53";1.66666666666667;1.36082763487954;1.66666666666667;0.785674201318386;96.6666666666667;1.57134840263677
"54";1.66666666666667;1.30289326661762;1.66666666666667;0.833333333333333;96.6666666666667;1.94444444444444
"55";1.66666666666667;1.25988157669742;1.66666666666667;0.58925565098879;95;1.65171868160852
"56";1.66666666666667;1.25988157669742;1.66666666666667;1.06811657410276;96.6666666666667;1.65171868160852
"57";1.66666666666667;1.25462108784847;1.66666666666667;1.05409255338946;96.6666666666667;1.94840865741669
"58";1.66666666666667;1.39443337755679;1.66666666666667;1.17851130197758;96.6666666666667;2.47206616236522
"59";1.66666666666667;1.36082763487954;1.66666666666667;0;96.6666666666667;1.36082763487954
"60";1.66666666666667;1.36082763487954;0;0.962250448649376;96.6666666666667;2.15165741455968
"61";3.33333333333333;1.17851130197758;0;1.17851130197758;96.6666666666667;2.35702260395516
"62";3.33333333333333;NA;1.66666666666667;NA;95;NA
"63";3.33333333333333;NA;1.66666666666667;NA;95;NA
"64";3.33333333333333;NA;1.66666666666667;NA;95;NA
"65";3.33333333333333;NA;1.66666666666667;NA;95;NA
"66";3.33333333333333;NA;1.66666666666667;NA;95;NA
"67";3.33333333333333;NA;1.66666666666667;NA;95;NA
"68";3.33333333333333;NA;1.66666666666667;NA;95;NA
"69";3.33333333333333;NA;1.66666666666667;NA;95;NA
"70";3.33333333333333;NA;1.66666666666667;NA;95;NA
"71";3.33333333333333;NA;1.66666666666667;NA;95;NA
"72";3.33333333333333;NA;1.66666666666667;NA;95;NA
"73";3.33333333333333;NA;1.66666666666667;NA;95;NA
"74";3.33333333333333;NA;1.66666666666667;NA;95;NA
"75";3.33333333333333;NA;1.66666666666667;NA;95;NA
"76";3.33333333333333;NA;1.66666666666667;NA;95;NA
"77";3.33333333333333;NA;1.66666666666667;NA;95;NA
"78";3.33333333333333;NA;1.66666666666667;NA;95;NA
"79";3.33333333333333;NA;1.66666666666667;NA;95;NA
"80";3.33333333333333;NA;1.66666666666667;NA;95;NA
"81";3.33333333333333;NA;1.66666666666667;NA;95;NA
"82";3.33333333333333;NA;1.66666666666667;NA;95;NA
"83";3.33333333333333;NA;1.66666666666667;NA;95;NA
"84";3.33333333333333;NA;1.66666666666667;NA;95;NA
