"allS";"sdAllS";"allI";"sdAllI";"allR";"sdAllR"
"1";100;0;0;0;0;0
"2";100;0;0;0;0;0
"3";98.5714285714286;0;1.42857142857143;0;0;0
"4";94.2857142857143;2.40278213252253;5.71428571428571;2.42059725787976;0;0.439705008036495
"5";78.5714285714286;9.41095414940208;21.4285714285714;9.34452170681349;0;0.671660494259467
"6";44.2857142857143;15.8637796854226;52.8571428571429;14.6221658320429;1.42857142857143;1.90538836815814
"7";14.2857142857143;12.482210757396;77.1428571428572;10.665049778993;7.14285714285714;4.74709476420286
"8";4.28571428571429;5.21091146359424;80;5.35726816896045;15.7142857142857;6.41226000800899
"9";1.42857142857143;1.33328857783819;74.2857142857143;7.29131437438563;24.2857142857143;7.31521375691406
"10";0;0.912380533797864;68.5714285714286;7.67352080792699;31.4285714285714;7.49471707959113
"11";0;0.31943828249997;61.4285714285714;7.87387146023402;37.1428571428571;7.98595706249925
"12";0;0.31943828249997;54.2857142857143;6.28494527079815;44.2857142857143;6.44067365431403
"13";0;0.31943828249997;50;5.29272041263024;50;5.43045080249949
"14";0;0.31943828249997;45.7142857142857;5.7217995711992;54.2857142857143;5.77551779498729
"15";0;0.31943828249997;41.4285714285714;5.6285866951436;57.1428571428571;5.69357147809305
"16";0;0.31943828249997;37.1428571428571;6.08699905249634;61.4285714285714;6.14713961582933
"17";0;0.31943828249997;34.2857142857143;5.46986667669285;65.7142857142857;5.52506251453083
"18";0;0.31943828249997;30;5.22532048981375;68.5714285714286;5.33063617800902
"19";0;0.31943828249997;27.1428571428571;5.36728363511411;71.4285714285714;5.45019437172484
"20";0;0.31943828249997;25.7142857142857;5.31449187084971;74.2857142857143;5.37328395407574
"21";0;0.31943828249997;22.8571428571429;5.94415471664233;77.1428571428572;6.00751409186111
"22";0;0.31943828249997;21.4285714285714;5.75689004836822;78.5714285714286;5.80935946190971
"23";0;0.31943828249997;18.5714285714286;5.47624495995562;81.4285714285714;5.52846359981108
"24";0;0.31943828249997;17.1428571428571;5.01555046920375;82.8571428571429;5.05342031974725
"25";0;0.31943828249997;14.2857142857143;4.86995214986737;84.2857142857143;4.89360484929593
"26";0;0.31943828249997;14.2857142857143;4.82730774939939;85.7142857142857;4.82563865198901
"27";0;0.31943828249997;12.8571428571429;4.66435163282877;87.1428571428571;4.63721461639379
"28";0;0.31943828249997;11.4285714285714;4.21240559564907;88.5714285714286;4.17848306570667
"29";0;0.31943828249997;10;3.58718329552639;88.5714285714286;3.53819120349384
"30";0;0.31943828249997;10;3.70429541360813;90;3.66713859541478
"31";0;0.31943828249997;8.57142857142857;3.27408861877104;91.4285714285714;3.2601160417691
"32";0;0.31943828249997;8.57142857142857;3.26093961536864;91.4285714285714;3.2601160417691
"33";0;0.31943828249997;7.14285714285714;3.10572735884805;92.8571428571429;3.12555043487467
"34";0;0.31943828249997;7.14285714285714;3.35750278025819;92.8571428571429;3.38696560106745
"35";0;0.327736762672231;5.71428571428571;2.72895390251954;92.8571428571429;2.77879203347321
"36";0;0.327736762672231;5.71428571428571;2.40340292626303;94.2857142857143;2.47435829652697
"37";0;0.327736762672231;5.71428571428571;2.21205455274348;94.2857142857143;2.29675695125488
"38";0;0.327736762672231;5.71428571428571;2.33540391991387;94.2857142857143;2.4207205156265
"39";0;0.327736762672231;4.28571428571429;2.1930898648956;94.2857142857143;2.24950432805182
"40";0;0.327736762672231;4.28571428571429;1.89848590119355;94.2857142857143;1.92036218090131
"41";0;0.327736762672231;4.28571428571429;1.78508760933573;95.7142857142857;1.77166570757603
"42";0;0.327736762672231;2.85714285714286;1.83454537938297;95.7142857142857;1.84751052571249
"43";0;0.336717514850737;2.85714285714286;1.68951919887958;95.7142857142857;1.71498585142509
"44";0;0.336717514850737;2.85714285714286;1.76670554971669;95.7142857142857;1.79850693193188
"45";0;0.336717514850737;2.85714285714286;1.49026452529145;97.1428571428571;1.54087087277032
"46";0;0.336717514850737;2.85714285714286;1.30920546168648;97.1428571428571;1.29640744710433
"47";0;0.336717514850737;1.42857142857143;1.48802520843624;97.1428571428571;1.49026452529145
"48";0;0.357142857142857;1.42857142857143;1.47253772343488;97.1428571428571;1.47542222712663
"49";0;0.381801774160606;2.85714285714286;1.45192836794623;97.1428571428571;1.4402972457409
"50";0;0.396214425875164;1.42857142857143;1.50004360655262;97.1428571428571;1.50004360655262
"51";0;0.412393049421161;1.42857142857143;1.28619519625503;97.1428571428571;1.29219147676184
"52";0;0.412393049421161;1.42857142857143;1.50755672288882;97.1428571428571;1.53298105711046
"53";0;0.451753951452626;1.42857142857143;1.35526185435788;97.1428571428571;1.38013111868471
"54";0;0.451753951452626;1.42857142857143;1.47542222712663;97.1428571428571;1.51335700781626
"55";0;0.476190476190476;1.42857142857143;1.23717914826348;97.1428571428571;1.3256581816262
"56";0;0.539949247156039;1.42857142857143;1.07989849431208;97.1428571428571;1.12399398924206
"57";0;0.539949247156039;1.42857142857143;1.07989849431208;97.1428571428571;1.12399398924206
"58";0;0.539949247156039;1.42857142857143;0.539949247156039;97.1428571428571;0.697071480677524
"59";0;0.539949247156039;1.42857142857143;0;97.1428571428571;0.539949247156039
"60";0;0.539949247156039;1.42857142857143;0;97.1428571428571;0.539949247156039
"61";0;0.539949247156039;1.42857142857143;0.539949247156039;98.5714285714286;0.824786098842322
"62";0;0.583211843519804;1.42857142857143;0.583211843519804;98.5714285714286;0.903507902905251
"63";0;0.63887656499994;1.42857142857143;0.782460796435951;98.5714285714286;0.63887656499994
"64";0;0;1.42857142857143;0;98.5714285714286;0
"65";0;0;1.42857142857143;0;98.5714285714286;0
"66";0;0;1.42857142857143;0;98.5714285714286;0
"67";0;0;1.42857142857143;0;98.5714285714286;0
"68";0;0;1.42857142857143;0.824786098842322;98.5714285714286;0.824786098842322
"69";0;0;0;1.01015254455221;98.5714285714286;1.01015254455221
"70";0;NA;1.42857142857143;NA;98.5714285714286;NA
"71";0;NA;1.42857142857143;NA;98.5714285714286;NA
"72";0;NA;1.42857142857143;NA;98.5714285714286;NA
"73";0;NA;1.42857142857143;NA;98.5714285714286;NA
"74";0;NA;1.42857142857143;NA;98.5714285714286;NA
"75";0;NA;1.42857142857143;NA;98.5714285714286;NA
"76";0;NA;1.42857142857143;NA;98.5714285714286;NA
"77";0;NA;1.42857142857143;NA;98.5714285714286;NA
"78";0;NA;1.42857142857143;NA;98.5714285714286;NA
"79";0;NA;1.42857142857143;NA;98.5714285714286;NA
"80";0;NA;1.42857142857143;NA;98.5714285714286;NA
"81";0;NA;1.42857142857143;NA;98.5714285714286;NA
"82";0;NA;1.42857142857143;NA;98.5714285714286;NA
"83";0;NA;1.42857142857143;NA;98.5714285714286;NA
"84";0;NA;1.42857142857143;NA;98.5714285714286;NA
"85";0;NA;1.42857142857143;NA;98.5714285714286;NA
"86";0;NA;1.42857142857143;NA;98.5714285714286;NA
"87";0;NA;1.42857142857143;NA;98.5714285714286;NA
"88";0;NA;1.42857142857143;NA;98.5714285714286;NA
"89";0;NA;1.42857142857143;NA;98.5714285714286;NA
"90";0;NA;1.42857142857143;NA;98.5714285714286;NA
"91";0;NA;1.42857142857143;NA;98.5714285714286;NA
"92";0;NA;1.42857142857143;NA;98.5714285714286;NA
"93";0;NA;1.42857142857143;NA;98.5714285714286;NA
"94";0;NA;1.42857142857143;NA;98.5714285714286;NA
"95";0;NA;1.42857142857143;NA;98.5714285714286;NA
"96";0;NA;1.42857142857143;NA;98.5714285714286;NA
"97";0;NA;1.42857142857143;NA;98.5714285714286;NA
"98";0;NA;1.42857142857143;NA;98.5714285714286;NA
"99";0;NA;1.42857142857143;NA;98.5714285714286;NA
"100";0;NA;1.42857142857143;NA;98.5714285714286;NA
"101";0;NA;1.42857142857143;NA;98.5714285714286;NA
"102";0;NA;1.42857142857143;NA;98.5714285714286;NA
"103";0;NA;1.42857142857143;NA;98.5714285714286;NA
"104";0;NA;1.42857142857143;NA;98.5714285714286;NA
"105";0;NA;1.42857142857143;NA;98.5714285714286;NA
