"allS";"sdAllS";"allI";"sdAllI";"allR";"sdAllR"
"1";100;0;0;0;0;0
"2";100;0;0;0;0;0
"3";98.5714285714286;0;1.42857142857143;0;0;0
"4";95.7142857142857;1.91101729731411;4.28571428571429;1.8812775328873;0;0.31943828249997
"5";88.5714285714286;7.5179698793183;11.4285714285714;7.22917766187999;0;0.980475344504657
"6";74.2857142857143;13.5478624042698;22.8571428571429;12.7134831207354;1.42857142857143;1.70926583318891
"7";58.5714285714286;17.1171486427627;37.1428571428571;14.9973144749583;2.85714285714286;3.58718329552639
"8";45.7142857142857;15.4271441834979;47.1428571428571;12.2844465161593;7.14285714285714;4.61399356602093
"9";35.7142857142857;12.2476679645262;51.4285714285714;9.82226585631312;11.4285714285714;6.1919701301261
"10";31.4285714285714;9.66545666958261;50;8.17504520627239;17.1428571428571;6.46356391101641
"11";28.5714285714286;8.28175949175473;48.5714285714286;6.42021177428268;21.4285714285714;5.95182954839494
"12";25.7142857142857;8.05459352832606;47.1428571428571;6.54817723754208;27.1428571428571;4.71758827132512
"13";24.2857142857143;7.28836749566593;42.8571428571429;5.97344643389423;32.8571428571429;5.98018568589712
"14";22.8571428571429;6.56292355801564;41.4285714285714;5.60947104578799;35.7142857142857;6.12218939657365
"15";21.4285714285714;6.26783170528009;38.5714285714286;6.15368864955837;40;6.27682214505091
"16";20;6.26097318132164;34.2857142857143;5.56959676846227;44.2857142857143;5.85310699024993
"17";20;5.94415471664233;31.4285714285714;5.45462682620032;47.1428571428571;6.08699905249634
"18";18.5714285714286;5.88969498206317;30;5.06615737919408;51.4285714285714;5.32509209312053
"19";18.5714285714286;5.6552400536535;27.1428571428571;4.93730837233002;54.2857142857143;5.65951192135593
"20";17.1428571428571;5.66520273417766;24.2857142857143;4.56249126362037;57.1428571428571;6.49051195477029
"21";17.1428571428571;5.34522483824849;21.4285714285714;4.92423804265715;60;5.9693992306664
"22";17.1428571428571;5.43687532678577;20;4.59942087607493;62.8571428571429;5.46986667669285
"23";17.1428571428571;5.56959676846227;18.5714285714286;4.80053255191077;64.2857142857143;5.32257014550425
"24";15.7142857142857;5.13773763566118;17.1428571428571;5.13198516665876;65.7142857142857;5.77923613935766
"25";15.7142857142857;5.31449187084971;15.7142857142857;4.60933531792164;67.1428571428571;5.85310699024993
"26";15.7142857142857;5.16692363912886;14.2857142857143;4.31319510190655;70;5.71945255130013
"27";15.7142857142857;5.19025774988141;14.2857142857143;3.99986573351456;70;4.99785131060125
"28";14.2857142857143;5.00053702808812;12.8571428571429;4.11632677025093;71.4285714285714;5.33063617800902
"29";14.2857142857143;4.90237672252328;11.4285714285714;3.86326442663134;72.8571428571428;5.80935946190971
"30";14.2857142857143;4.80053255191077;10;3.70429541360813;74.2857142857143;5.62715527392896
"31";14.2857142857143;4.81449654833852;10;3.68175459035329;75.7142857142857;5.21503239066265
"32";14.2857142857143;4.81449654833852;8.57142857142857;3.67591516623341;77.1428571428572;5.42500872407442
"33";14.2857142857143;4.81449654833852;7.14285714285714;3.51382110749967;77.1428571428572;5.53234799417741
"34";14.2857142857143;4.91550518179631;7.14285714285714;3.42088737930218;78.5714285714286;5.48408497107082
"35";14.2857142857143;4.91550518179631;5.71428571428571;2.51632692262457;78.5714285714286;4.95739094956741
"36";14.2857142857143;4.88096766303617;5.71428571428571;2.51632692262457;80;4.9590157022028
"37";14.2857142857143;4.88096766303617;5.71428571428571;2.67863408448022;80;5.15078753637713
"38";14.2857142857143;4.98476016177211;4.28571428571429;2.39095642661381;80;4.95474206295052
"39";14.2857142857143;5.08549650815485;4.28571428571429;2.28372929681558;81.4285714285714;4.69120447763775
"40";12.8571428571429;4.92896722317717;4.28571428571429;1.83748484081259;81.4285714285714;4.59983297363656
"41";12.8571428571429;4.92896722317717;4.28571428571429;1.67066347496395;82.8571428571429;4.55228396694739
"42";12.8571428571429;4.7299523231838;4.28571428571429;1.72022779697033;82.8571428571429;4.66478339064448
"43";12.8571428571429;4.77735588497452;4.28571428571429;1.93209554558746;82.8571428571429;4.85766803883409
"44";12.8571428571429;4.77735588497452;2.85714285714286;1.79757962744542;84.2857142857143;5.12430516278652
"45";12.8571428571429;4.91232847738693;2.85714285714286;1.35608899014092;84.2857142857143;5.04298633212473
"46";12.8571428571429;4.91232847738693;2.85714285714286;1.30553361923339;84.2857142857143;5.18766456573259
"47";12.8571428571429;4.83911759842069;2.85714285714286;1.14377252717919;84.2857142857143;4.84452141651805
"48";12.8571428571429;4.83911759842069;2.85714285714286;1.14377252717919;84.2857142857143;4.84452141651805
"49";12.8571428571429;4.83911759842069;2.85714285714286;1.18864327762549;84.2857142857143;4.86069682518604
"50";12.8571428571429;4.83911759842069;2.85714285714286;1.25294002758147;84.2857142857143;4.67969326370716
"51";12.8571428571429;4.75106992474414;2.85714285714286;1.28619519625503;84.2857142857143;5.04003759642798
"52";12.8571428571429;4.15381443940766;2.85714285714286;1.12320770443842;82.8571428571429;3.96178404744504
"53";12.8571428571429;4.15381443940766;2.85714285714286;0.963142660661774;84.2857142857143;4.14039335605413
"54";12.8571428571429;4.15381443940766;1.42857142857143;0.746047096952991;84.2857142857143;4.08172541638559
"55";12.8571428571429;4.24220336910677;1.42857142857143;0.720749970156447;84.2857142857143;4.15381443940766
"56";12.8571428571429;4.24220336910677;1.42857142857143;0.720749970156447;84.2857142857143;4.15381443940766
"57";12.8571428571429;4.24220336910677;1.42857142857143;0.923813986689805;84.2857142857143;4.15827850779899
"58";12.8571428571429;4.45689865020861;1.42857142857143;0.690065559342354;84.2857142857143;4.47973517195876
"59";12.8571428571429;4.45689865020861;1.42857142857143;0.602338601936834;84.2857142857143;4.57737708217063
"60";12.8571428571429;4.45689865020861;1.42857142857143;0.602338601936834;84.2857142857143;4.57737708217063
"61";12.8571428571429;4.45689865020861;1.42857142857143;0.903507902905251;85.7142857142857;4.85620906056456
"62";14.2857142857143;5.1129135847928;1.42857142857143;0.824786098842322;84.2857142857143;4.83950378553263
"63";12.8571428571429;3.6607868750062;1.42857142857143;0.583211843519804;85.7142857142857;3.93829964345435
"64";12.8571428571429;3.6607868750062;1.42857142857143;0;85.7142857142857;3.6607868750062
"65";12.8571428571429;3.6607868750062;1.42857142857143;0.583211843519804;85.7142857142857;4.10740164816149
"66";14.2857142857143;2.78479838423113;1.42857142857143;0;84.2857142857143;2.78479838423113
"67";14.2857142857143;2.78479838423113;1.42857142857143;0;84.2857142857143;2.78479838423113
"68";14.2857142857143;2.78479838423113;1.42857142857143;0.63887656499994;84.2857142857143;2.9623487647611
"69";14.2857142857143;3.16765111801192;1.42857142857143;0;84.2857142857143;3.16765111801192
"70";14.2857142857143;3.16765111801192;1.42857142857143;0;84.2857142857143;3.16765111801192
"71";14.2857142857143;3.16765111801192;1.42857142857143;0.714285714285714;84.2857142857143;2.9738085706659
"72";12.8571428571429;3.59515925489083;1.42857142857143;0;84.2857142857143;3.59515925489083
"73";12.8571428571429;3.59515925489083;1.42857142857143;0;84.2857142857143;3.59515925489083
"74";12.8571428571429;3.59515925489083;1.42857142857143;0;84.2857142857143;3.59515925489083
"75";12.8571428571429;3.59515925489083;1.42857142857143;0;84.2857142857143;3.59515925489083
"76";12.8571428571429;3.59515925489083;1.42857142857143;0;84.2857142857143;3.59515925489083
"77";12.8571428571429;3.59515925489083;1.42857142857143;0;84.2857142857143;3.59515925489083
"78";12.8571428571429;3.59515925489083;1.42857142857143;0;84.2857142857143;3.59515925489083
"79";12.8571428571429;3.59515925489083;1.42857142857143;0;84.2857142857143;3.59515925489083
"80";12.8571428571429;3.59515925489083;1.42857142857143;0;84.2857142857143;3.59515925489083
"81";12.8571428571429;3.59515925489083;1.42857142857143;0;84.2857142857143;3.59515925489083
"82";12.8571428571429;3.59515925489083;1.42857142857143;0;84.2857142857143;3.59515925489083
"83";12.8571428571429;3.59515925489083;1.42857142857143;0.824786098842322;85.7142857142857;3.77964473009227
"84";14.2857142857143;5.05076272276105;1.42857142857143;0;84.2857142857143;5.05076272276105
"85";14.2857142857143;5.05076272276105;1.42857142857143;0;84.2857142857143;5.05076272276105
"86";14.2857142857143;5.05076272276105;1.42857142857143;0;84.2857142857143;5.05076272276105
"87";14.2857142857143;5.05076272276105;1.42857142857143;0;84.2857142857143;5.05076272276105
"88";14.2857142857143;5.05076272276105;0;1.01015254455221;85.7142857142857;4.04061017820884
"89";10;NA;1.42857142857143;NA;88.5714285714286;NA
"90";10;NA;1.42857142857143;NA;88.5714285714286;NA
"91";10;NA;1.42857142857143;NA;88.5714285714286;NA
"92";10;NA;1.42857142857143;NA;88.5714285714286;NA
"93";10;NA;1.42857142857143;NA;88.5714285714286;NA
"94";10;NA;1.42857142857143;NA;88.5714285714286;NA
"95";10;NA;1.42857142857143;NA;88.5714285714286;NA
"96";10;NA;1.42857142857143;NA;88.5714285714286;NA
"97";10;NA;1.42857142857143;NA;88.5714285714286;NA
"98";10;NA;1.42857142857143;NA;88.5714285714286;NA
"99";10;NA;1.42857142857143;NA;88.5714285714286;NA
"100";10;NA;1.42857142857143;NA;88.5714285714286;NA
"101";10;NA;1.42857142857143;NA;88.5714285714286;NA
