"allS";"sdAllS";"allI";"sdAllI";"allR";"sdAllR"
"1";100;0;0;0;0;0
"2";100;0;0;0;0;0
"3";99.0697674418605;0;0.930232558139535;0;0;0
"4";98.6046511627907;0.506708293607723;1.3953488372093;0.576602027728266;0;0.170394208619778
"5";97.2093023255814;1.14825678229976;2.7906976744186;1.21193574487017;0;0.316538161571498
"6";95.3488372093023;2.13623288382447;4.18604651162791;2.06412802889138;0;0.424143956339066
"7";93.4883720930233;3.23115332753223;5.58139534883721;2.89640673186481;0.465116279069767;0.773519203077976
"8";90.6976744186046;4.27319856913006;7.90697674418605;3.65267882051311;0.930232558139535;1.15196922904451
"9";86.9767441860465;5.31873815379745;10.6976744186047;4.67776967515647;1.86046511627907;1.52311799202716
"10";82.3255813953488;6.85321069471565;13.953488372093;5.93744012043413;3.25581395348837;1.75901489091701
"11";77.6744186046512;8.09816378898913;17.2093023255814;6.63530047800876;4.65116279069767;2.34884326865198
"12";73.0232558139535;9.53789843972725;20.4651162790698;7.36693462888014;6.51162790697674;3.31464593680439
"13";68.8372093023256;10.1053627845136;22.3255813953488;7.51717549824826;8.37209302325581;3.98246991298606
"14";65.5813953488372;10.4210960476317;23.2558139534884;7.42236583689596;10.6976744186047;4.79407137213078
"15";62.3255813953488;11.2433597911193;24.6511627906977;7.88790990770905;13.0232558139535;5.30550270937397
"16";59.5348837209302;11.6636903506931;25.1162790697674;8.01623697391013;15.3488372093023;5.61921093942858
"17";56.7441860465116;11.908391898768;24.6511627906977;8.10817529522436;18.1395348837209;6.28817509269688
"18";54.8837209302326;12.0027702627217;24.1860465116279;7.55272379172987;20.4651162790698;7.03039348084563
"19";53.4883720930233;12.2484131975332;23.2558139534884;7.42439811692462;23.2558139534884;7.37253511371884
"20";52.093023255814;12.7255713743724;21.8604651162791;7.54050291401667;26.046511627907;7.63533685975187
"21";51.1627906976744;12.8927496654895;20.4651162790698;7.53899278985236;28.3720930232558;7.70831873224209
"22";50.2325581395349;13.1842427836426;19.5348837209302;7.18672185313155;30.2325581395349;7.94859090341923
"23";49.7674418604651;13.3759719774455;18.1395348837209;6.78630330142505;32.093023255814;8.33734117470465
"24";49.3023255813954;13.4176171495895;16.7441860465116;6.36748128909993;33.4883720930233;8.66911576077866
"25";48.8372093023256;13.3982554985948;15.8139534883721;5.67325469131427;35.3488372093023;9.31076728348063
"26";48.8372093023256;13.4748381010129;14.4186046511628;5.32007593864417;36.7441860465116;9.76251551467313
"27";48.8372093023256;13.3997638243135;13.4883720930233;4.82295942689021;37.6744186046512;9.94144709140829
"28";48.8372093023256;13.3335136097421;11.6279069767442;4.17999017892093;39.0697674418605;10.6132317279756
"29";48.8372093023256;13.3371850252527;10.6976744186047;3.83982330013879;40.4651162790698;10.8988324722646
"30";48.3720930232558;13.2850929626851;9.76744186046512;3.38576135025309;41.3953488372093;10.9536715792863
"31";48.3720930232558;13.2850929626851;8.83720930232558;3.34039463469585;42.3255813953488;11.0721534513409
"32";48.3720930232558;13.2850929626851;7.90697674418605;3.08329425797407;43.2558139534884;11.3844526128156
"33";48.3720930232558;13.2197753575833;7.44186046511628;2.77638106571081;44.1860465116279;11.6063202318129
"34";48.3720930232558;13.1549556935041;6.51162790697674;2.68792820110385;44.6511627906977;11.7490628167328
"35";48.3720930232558;13.1549556935041;6.04651162790698;2.18992338326762;45.1162790697674;11.9962230637324
"36";48.3720930232558;13.1549556935041;5.58139534883721;2.07718747539045;46.046511627907;12.0529181510889
"37";48.3720930232558;13.1549556935041;5.11627906976744;1.90446740594589;46.046511627907;12.1348255941575
"38";48.3720930232558;13.1549556935041;4.65116279069767;1.81147242683744;46.5116279069767;12.3159011431254
"39";48.3720930232558;13.1549556935041;4.18604651162791;1.66610201739492;46.9767441860465;12.5278205109782
"40";48.3720930232558;13.1549556935041;3.72093023255814;1.53818124325581;47.4418604651163;12.7002252628546
"41";48.3720930232558;13.1549556935041;3.25581395348837;1.42282215135429;47.906976744186;12.7658599390519
"42";48.3720930232558;13.1549556935041;2.7906976744186;1.28932132996462;48.3720930232558;12.833377108807
"43";48.3720930232558;13.1549556935041;2.32558139534884;1.11811354770144;48.8372093023256;12.8228149124036
"44";48.3720930232558;13.1549556935041;2.32558139534884;1.0923589741626;49.3023255813954;12.887913629641
"45";48.3720930232558;13.1549556935041;1.86046511627907;1.10144157830797;49.3023255813954;12.8085776886593
"46";48.3720930232558;13.1549556935041;1.86046511627907;1.08713484582622;49.3023255813954;12.7993516957451
"47";48.3720930232558;13.1549556935041;1.86046511627907;0.983482035050709;49.7674418604651;12.897164552382
"48";48.3720930232558;13.1549556935041;1.3953488372093;0.883463210504059;49.7674418604651;12.9380628439718
"49";48.3720930232558;13.1549556935041;1.3953488372093;0.7545182378175;49.7674418604651;12.9543552445895
"50";48.3720930232558;13.4950297070557;1.3953488372093;0.751157338089926;50.2325581395349;13.3152933665637
"51";48.3720930232558;13.4950297070557;1.3953488372093;0.696994092339865;50.2325581395349;13.4070905970849
"52";48.3720930232558;13.4950297070557;0.930232558139535;0.730667365337369;50.2325581395349;13.4467108453148
"53";48.3720930232558;14.2204288327996;0.930232558139535;0.660187606676534;50.2325581395349;14.1626480577031
"54";48.3720930232558;14.2204288327996;0.930232558139535;0.660187606676534;50.2325581395349;14.1626480577031
"55";48.3720930232558;14.2204288327996;0.930232558139535;0.54247277862923;50.2325581395349;14.1975352101906
"56";48.3720930232558;14.2204288327996;0.930232558139535;0.54247277862923;50.2325581395349;14.0884377147951
"57";48.8372093023256;14.5771478550836;0.930232558139535;0.508624021777496;50.2325581395349;14.5043400006148
"58";50.6976744186047;14.927460965143;0.930232558139535;0.346486671473717;48.3720930232558;14.7959332839395
"59";50.6976744186047;14.927460965143;0.930232558139535;0.397604843844237;48.3720930232558;14.8192123639447
"60";50.6976744186047;15.5360727105971;0.465116279069767;0.307081531057453;48.3720930232558;15.4481706471034
"61";50.6976744186047;15.5360727105971;0.465116279069767;0.418007922917636;48.8372093023256;15.3451324561638
"62";45.1162790697674;7.64515601882986;0.930232558139535;0.328886874970487;53.953488372093;7.66478135792717
"63";45.1162790697674;7.64515601882986;0.465116279069767;0.382917489464449;53.953488372093;7.74030134348317
"64";45.5813953488372;7.9138137335691;0.465116279069767;0.402802513388111;53.4883720930233;7.92064482136112
"65";45.1162790697674;8.06731127709832;0.465116279069767;0.497230217511487;54.4186046511628;8.22287660165009
"66";45.5813953488372;7.79260649992906;0.465116279069767;0.606437433042107;53.4883720930233;8.15347643241939
"67";49.7674418604651;7.92519560876407;0.930232558139535;0.465116279069767;49.3023255813954;7.92519560876407
"68";49.7674418604651;7.92519560876407;0.930232558139535;0.465116279069767;49.3023255813954;7.92519560876407
"69";49.7674418604651;7.92519560876407;0.930232558139535;0.465116279069767;49.3023255813954;7.92519560876407
"70";49.7674418604651;7.92519560876407;0.930232558139535;0.465116279069767;49.3023255813954;7.92519560876407
"71";49.7674418604651;7.92519560876407;0.930232558139535;0.465116279069767;49.3023255813954;7.92519560876407
"72";49.7674418604651;7.92519560876407;0.930232558139535;0.465116279069767;49.3023255813954;7.92519560876407
"73";49.7674418604651;7.92519560876407;0.930232558139535;0.465116279069767;49.3023255813954;7.92519560876407
"74";49.7674418604651;7.92519560876407;0.930232558139535;0.465116279069767;49.3023255813954;7.92519560876407
"75";49.7674418604651;7.92519560876407;0.930232558139535;0.465116279069767;49.3023255813954;7.92519560876407
"76";49.7674418604651;7.92519560876407;0.930232558139535;0.465116279069767;49.3023255813954;7.92519560876407
"77";49.3023255813954;7.80139263591264;0.930232558139535;0.710476851931138;49.3023255813954;7.92519560876407
"78";49.3023255813954;7.68498215900386;1.3953488372093;0.968216743937736;49.3023255813954;7.92519560876407
"79";49.3023255813954;7.68498215900386;1.3953488372093;0.968216743937736;49.3023255813954;7.92519560876407
"80";49.3023255813954;7.68498215900386;1.3953488372093;0.968216743937736;49.3023255813954;7.92519560876407
"81";49.3023255813954;7.68498215900386;0.930232558139535;1.07414003570163;49.3023255813954;8.1936187669605
"82";49.3023255813954;7.68498215900386;0.930232558139535;1.07414003570163;49.3023255813954;8.1936187669605
"83";49.3023255813954;7.68498215900386;0.930232558139535;1.07414003570163;49.3023255813954;8.1936187669605
"84";49.3023255813954;7.68498215900386;0.930232558139535;0.805605026776222;49.7674418604651;8.05605026776222
"85";49.3023255813954;7.68498215900386;0.465116279069767;1.07414003570163;49.7674418604651;8.1936187669605
"86";53.0232558139535;NA;1.86046511627907;NA;45.1162790697674;NA
"87";53.0232558139535;NA;1.86046511627907;NA;45.1162790697674;NA
"88";53.0232558139535;NA;1.86046511627907;NA;45.1162790697674;NA
"89";53.0232558139535;NA;1.86046511627907;NA;45.1162790697674;NA
"90";53.0232558139535;NA;1.86046511627907;NA;45.1162790697674;NA
"91";53.0232558139535;NA;1.3953488372093;NA;45.5813953488372;NA
"92";53.0232558139535;NA;1.3953488372093;NA;45.5813953488372;NA
"93";53.0232558139535;NA;1.3953488372093;NA;45.5813953488372;NA
"94";53.0232558139535;NA;1.3953488372093;NA;45.5813953488372;NA
"95";53.0232558139535;NA;0.930232558139535;NA;46.046511627907;NA
"96";53.0232558139535;NA;0.930232558139535;NA;46.046511627907;NA
"97";53.0232558139535;NA;0.930232558139535;NA;46.046511627907;NA
"98";53.0232558139535;NA;0.465116279069767;NA;46.5116279069767;NA
"99";53.0232558139535;NA;0.465116279069767;NA;46.5116279069767;NA
"100";53.0232558139535;NA;0.465116279069767;NA;46.5116279069767;NA
"101";53.0232558139535;NA;0.465116279069767;NA;46.5116279069767;NA
"102";53.0232558139535;NA;0.465116279069767;NA;46.5116279069767;NA
"103";53.0232558139535;NA;0.465116279069767;NA;46.5116279069767;NA
"104";53.0232558139535;NA;0.465116279069767;NA;46.5116279069767;NA
"105";53.0232558139535;NA;0.465116279069767;NA;46.5116279069767;NA
"106";53.0232558139535;NA;0.465116279069767;NA;46.5116279069767;NA
"107";53.0232558139535;NA;0.465116279069767;NA;46.5116279069767;NA
"108";53.0232558139535;NA;0.465116279069767;NA;46.5116279069767;NA
"109";53.0232558139535;NA;0.465116279069767;NA;46.5116279069767;NA
"110";53.0232558139535;NA;0.465116279069767;NA;46.5116279069767;NA
"111";53.0232558139535;NA;0.465116279069767;NA;46.5116279069767;NA
"112";53.0232558139535;NA;0.465116279069767;NA;46.5116279069767;NA
"113";53.0232558139535;NA;0.465116279069767;NA;46.5116279069767;NA
"114";53.0232558139535;NA;0.465116279069767;NA;46.5116279069767;NA
"115";53.0232558139535;NA;0.465116279069767;NA;46.5116279069767;NA
"116";53.0232558139535;NA;0.465116279069767;NA;46.5116279069767;NA
"117";53.0232558139535;NA;0.465116279069767;NA;46.5116279069767;NA
"118";53.0232558139535;NA;0.465116279069767;NA;46.5116279069767;NA
"119";53.0232558139535;NA;0.465116279069767;NA;46.5116279069767;NA
"120";53.0232558139535;NA;0.465116279069767;NA;46.5116279069767;NA
"121";53.0232558139535;NA;0.465116279069767;NA;46.5116279069767;NA
"122";53.0232558139535;NA;0.465116279069767;NA;46.5116279069767;NA
"123";53.0232558139535;NA;0.465116279069767;NA;46.5116279069767;NA
"124";53.0232558139535;NA;0.465116279069767;NA;46.5116279069767;NA
