"allS";"sdAllS";"allI";"sdAllI";"allR";"sdAllR"
"1";100;0;0;0;0;0
"2";100;0;0;0;0;0
"3";99.21875;0;0.78125;0;0;0
"4";97.65625;2.04786662400263;2.34375;2.07281300708374;0;0.240463676269958
"5";89.84375;8.96325463749335;10.15625;8.83883476483184;0;0.398763894948469
"6";71.875;19.9067521935332;26.5625;18.8739733730913;0.78125;1.37903117212201
"7";51.5625;24.5145546921774;44.53125;22.5752507959309;3.125;2.635366825685
"8";34.375;21.8495309125045;57.8125;18.6608886954571;7.03125;4.43835639026464
"9";25;18.8744650596129;60.9375;14.3557737161534;14.0625;5.65959048477974
"10";18.75;14.1714730784835;60.9375;9.51670140002725;20.3125;6.61025422984526
"11";14.0625;8.49285367803374;58.59375;6.70168596703875;26.5625;7.9808702689848
"12";11.71875;6.03026563415087;54.6875;6.43653251331461;32.8125;7.57167188845393
"13";10.15625;5.12508858770248;50.78125;6.27194839491638;38.28125;7.76415046171687
"14";9.375;4.76790506644037;46.875;6.86220608146236;43.75;7.52462112117137
"15";9.375;4.55699795419442;42.1875;6.65143330514502;47.65625;6.94826968841968
"16";8.59375;4.46960998554461;39.0625;6.17849030602321;51.5625;6.76608723671836
"17";8.59375;4.22789443745572;35.9375;5.35131321585061;55.46875;6.27280197285418
"18";8.59375;4.25398500608753;32.8125;4.59482895989471;58.59375;6.00119250606769
"19";8.59375;4.32017456891745;29.6875;4.42950140360922;60.9375;5.39052236850347
"20";8.59375;4.35227690775739;27.34375;4.32801630613828;64.0625;5.44749681804426
"21";8.59375;4.35227690775739;24.21875;4.23295677545442;67.1875;5.61240925586653
"22";7.8125;4.23422141426433;22.65625;4.10409082996102;69.53125;5.7527921964517
"23";7.8125;4.13571287440656;20.3125;3.86768241228834;71.09375;5.2621940934967
"24";7.8125;4.13571287440656;18.75;4.08709659203591;73.4375;5.23089957831268
"25";7.8125;4.1162485526624;16.40625;3.66779491338887;75;4.67911652853112
"26";7.8125;4.1162485526624;14.84375;3.49232348556815;77.34375;4.54051973285487
"27";7.8125;4.1162485526624;13.28125;3.45068245856158;78.125;4.42224322620107
"28";7.8125;4.10582985157719;11.71875;3.36744555351992;79.6875;4.49032486651002
"29";7.8125;4.10582985157719;10.9375;3.1278541425257;80.46875;4.24306333208196
"30";7.8125;4.10582985157719;9.375;2.72276540204551;82.03125;3.77568718088052
"31";7.8125;4.10582985157719;8.59375;2.72210986684832;82.8125;3.99389968512104
"32";7.8125;4.10582985157719;7.8125;2.94021469993692;83.59375;4.11971559775182
"33";7.8125;4.10582985157719;7.03125;2.53682108388093;84.375;3.97418987593146
"34";7.8125;4.10582985157719;6.25;2.27497158342898;85.9375;3.86768241228834
"35";7.8125;4.10582985157719;5.46875;2.23380655417859;86.71875;3.74674337758806
"36";7.8125;4.10582985157719;4.6875;2.15491737784451;86.71875;3.47285036350479
"37";7.8125;4.10582985157719;3.90625;2.00475437730015;87.5;3.85566664149865
"38";7.8125;4.10582985157719;3.90625;1.96337769511732;88.28125;3.86675944785275
"39";7.8125;4.10582985157719;3.125;1.6855766600486;88.28125;3.93265926450746
"40";7.8125;4.10582985157719;3.125;1.53716670780143;89.0625;4.07178496414351
"41";7.8125;4.10582985157719;2.34375;1.36105493342416;89.0625;4.10278608002185
"42";7.8125;4.10582985157719;2.34375;1.27297507905716;89.0625;4.04319524810854
"43";7.8125;4.07175918184847;2.34375;1.06813791573286;89.84375;4.09033170037806
"44";7.8125;4.07175918184847;2.34375;1.06533317238229;89.84375;4.06514062307013
"45";7.03125;3.94625653018428;2.34375;0.870891252676803;89.84375;4.14212046384946
"46";7.03125;3.94625653018428;1.5625;0.831344325143637;90.625;4.08648972409884
"47";7.03125;4.06325113248308;1.5625;0.817828580595948;90.625;4.23096947540666
"48";7.8125;4.1745646871717;1.5625;0.624069247435922;90.625;4.10010071740404
"49";7.8125;4.1745646871717;1.5625;0.690402423194169;90.625;4.04730445643705
"50";7.8125;4.1745646871717;1.5625;0.750898519315043;90.625;4.15991827021649
"51";7.8125;4.1745646871717;1.5625;0.828202208889546;90.625;4.14942489202104
"52";7.03125;4.24880232700255;1.5625;0.667851886144617;91.40625;4.35161446793763
"53";7.03125;4.24880232700255;1.5625;0.685201577583617;91.40625;4.45995526003057
"54";7.03125;4.24880232700255;0.78125;0.685201577583617;91.40625;4.51748295443267
"55";7.03125;4.24880232700255;0.78125;0.375300360480673;91.40625;4.3677681758698
"56";7.03125;4.24880232700255;0.78125;0.375300360480673;91.40625;4.3677681758698
"57";7.03125;4.24880232700255;0.78125;0.342600788791808;91.40625;4.41232929865208
"58";7.03125;4.24880232700255;0.78125;0.342600788791808;91.40625;4.41232929865208
"59";7.03125;4.24880232700255;0.78125;0.342600788791808;91.40625;4.41232929865208
"60";7.03125;4.24880232700255;0.78125;0.43335952830096;91.40625;4.4441366496652
"61";7.03125;4.40841792654199;0.78125;0.304101150063095;91.40625;4.58527663047014
"62";7.03125;4.40841792654199;0.78125;0.225527448902198;91.40625;4.52283374608187
"63";7.03125;4.40841792654199;0.78125;0.333126119305641;91.40625;4.40841792654199
"64";6.25;3.8791674803892;0.78125;0;92.1875;3.8791674803892
"65";6.25;3.8791674803892;0.78125;0;92.1875;3.8791674803892
"66";6.25;3.8791674803892;0.78125;0.316031185529645;92.1875;4.02655646430387
"67";7.03125;3.88666967619773;0.78125;0;91.40625;3.88666967619773
"68";7.03125;3.88666967619773;0.78125;0.260416666666667;91.40625;3.99847722207919
"69";7.8125;3.80447780112931;0.78125;0;91.40625;3.80447780112931
"70";7.8125;3.80447780112931;0.78125;0.276213586400995;91.40625;3.85993751322826
"71";7.8125;4.05232815394582;0.78125;0;90.625;4.05232815394582
"72";7.8125;4.05232815394582;0.78125;0;90.625;4.05232815394582
"73";7.8125;4.05232815394582;0.78125;0;90.625;4.05232815394582
"74";7.8125;4.05232815394582;0.78125;0;90.625;4.05232815394582
"75";7.8125;4.05232815394582;0.78125;0.295284744538459;90.625;3.96899019708084
"76";7.8125;4.21199304565744;0.78125;0;91.40625;4.21199304565744
"77";7.8125;4.21199304565744;0.78125;0;91.40625;4.21199304565744
"78";7.8125;4.21199304565744;0.78125;0.318943976924893;91.40625;3.97594082812483
"79";6.25;3.07578432578586;0.78125;0.427908248050911;92.96875;2.84915352012664
"80";4.6875;0.451054897804395;0.78125;0;93.75;0.451054897804395
"81";4.6875;0.451054897804395;0.78125;0;93.75;0.451054897804395
"82";4.6875;0.451054897804395;0.78125;0;93.75;0.451054897804395
"83";4.6875;0.451054897804395;0.78125;0;93.75;0.451054897804395
"84";4.6875;0.451054897804395;0.78125;0;93.75;0.451054897804395
"85";4.6875;0.451054897804395;0.78125;0;93.75;0.451054897804395
"86";4.6875;0.451054897804395;0.78125;0;93.75;0.451054897804395
"87";4.6875;0.451054897804395;0.78125;0.451054897804395;94.53125;0
"88";4.6875;0;0.78125;0;94.53125;0
"89";4.6875;0;0.78125;0;94.53125;0
