"allS";"sdAllS";"allI";"sdAllI";"allR";"sdAllR"
"1";100;0;0;0;0;0
"2";100;0;0;0;0;0
"3";99.21875;0;0.78125;0;0;0
"4";96.09375;3.27826265954501;3.125;3.27065960120794;0;0.286209022291034
"5";82.03125;12.5162654590603;17.96875;12.3590023929868;0;0.541002038267285
"6";53.90625;23.7983160959766;43.75;22.8769935448945;1.5625;1.31707379753676
"7";32.8125;23.8908248691722;62.5;21.7057104615181;4.6875;3.3477791418713
"8";17.1875;10.0093663052523;71.875;6.62807288805386;10.9375;4.67130235221931
"9";10.9375;4.22395701113347;71.875;4.7104218970841;16.40625;5.73351689787151
"10";8.59375;3.75923299971141;68.75;5.5128864952211;21.875;5.31598309500133
"11";7.03125;3.14662655562359;64.0625;6.25717648646101;28.125;6.30038033018189
"12";6.25;3.24062296145491;60.9375;5.70002195889661;32.8125;5.19068701809031
"13";5.46875;3.22952490501813;56.25;5.19606397981712;38.28125;4.82525822705071
"14";4.6875;2.98662168837587;52.34375;5.73142919896826;42.1875;5.0078207448083
"15";4.6875;3.03465450869326;48.4375;5.90135087040147;46.09375;5.19779110766266
"16";4.6875;3.07870114419931;44.53125;5.77770216610907;50.78125;4.90377953392282
"17";4.6875;3.18818876321169;41.40625;5.22000071848858;53.90625;4.68601045233091
"18";4.6875;3.20223440313008;39.0625;5.12825230825594;56.25;4.87931349304374
"19";4.6875;3.20223440313008;35.9375;5.27076551921035;59.375;5.2996363025916
"20";4.6875;3.20223440313008;33.59375;4.95899012425835;61.71875;4.76347739700365
"21";4.6875;3.24892162539221;30.46875;4.5598076038345;64.84375;4.79269889776869
"22";4.6875;3.19568745353071;28.125;4.71211537975506;67.1875;5.14746912755362
"23";4.6875;3.19568745353071;25.78125;4.29977527639432;69.53125;4.86149862046731
"24";4.6875;3.19568745353071;23.4375;4.70893960015246;71.875;5.10408069405387
"25";4.6875;3.19568745353071;21.875;4.26414020011559;73.4375;4.79269889776869
"26";4.6875;3.19568745353071;20.3125;4.12650102975514;75;4.86969746029252
"27";4.6875;3.19568745353071;18.75;3.79908137600007;76.5625;4.71465446321534
"28";4.6875;3.19568745353071;17.1875;3.17973159877323;78.125;4.40517756556886
"29";4.6875;3.19568745353071;15.625;3.09195405305728;79.6875;4.12940021116414
"30";4.6875;3.19568745353071;14.84375;3.34570887432425;80.46875;4.23692300427063
"31";4.6875;3.19568745353071;14.0625;2.87223243462237;81.25;3.94941429377685
"32";4.6875;3.19568745353071;13.28125;2.63765235907241;82.03125;3.77273879383876
"33";4.6875;3.19568745353071;11.71875;2.4412913575907;83.59375;3.76956531328796
"34";4.6875;3.19568745353071;10.9375;2.48501945488893;84.375;3.87291742476973
"35";4.6875;3.19568745353071;10.15625;2.26542250334641;85.15625;3.68636650699534
"36";4.6875;3.19568745353071;9.375;2.1292616640198;85.9375;3.65921258318814
"37";4.6875;3.19568745353071;9.375;2.11374856748288;85.9375;3.76956531328796
"38";4.6875;3.19568745353071;8.59375;1.82182215040668;86.71875;3.58403507150681
"39";4.6875;3.19568745353071;7.8125;1.97369680804158;87.5;3.67552901034983
"40";4.6875;3.2516831402345;7.03125;2.2299260262889;88.28125;3.452507347609
"41";4.6875;3.2516831402345;6.25;2.1292616640198;89.0625;3.36710261264562
"42";4.6875;3.2516831402345;6.25;2.32280606766515;89.0625;3.40948739091243
"43";4.6875;3.2516831402345;5.46875;2.14373231428136;89.84375;3.17345250181092
"44";4.6875;3.2516831402345;4.6875;2.02556630027396;90.625;3.13519578565344
"45";4.6875;3.2516831402345;4.6875;1.84196542498447;91.40625;3.17062285122433
"46";4.6875;3.2516831402345;3.90625;1.74635712256991;91.40625;3.25137642107707
"47";4.6875;3.2516831402345;3.90625;1.48728805576632;91.40625;3.15422405534862
"48";4.6875;3.2516831402345;3.125;1.37291996748986;92.1875;2.92316983341714
"49";4.6875;3.2516831402345;3.125;1.45474545514208;92.1875;2.85132291779376
"50";3.90625;3.08670818280421;3.125;1.27987338617956;92.1875;2.95523481278785
"51";3.90625;3.08670818280421;3.125;1.32297878405191;92.96875;2.93007044065911
"52";3.90625;3.08670818280421;2.34375;1.31788058094934;92.96875;3.07651378964666
"53";3.90625;3.08670818280421;2.34375;1.14671207670305;93.75;2.87674279817265
"54";3.90625;3.08670818280421;2.34375;1.07186615714068;93.75;2.93313216609282
"55";3.90625;3.08670818280421;1.5625;1.03566554133612;93.75;2.98920848383557
"56";3.90625;3.08670818280421;1.5625;1.02477495960376;93.75;2.94991485381545
"57";3.90625;3.08670818280421;1.5625;0.995902248748591;93.75;3.12356354853362
"58";4.6875;3.137067473981;1.5625;0.859205881627803;93.75;2.92018548365144
"59";4.6875;3.137067473981;1.5625;0.895642975345486;93.75;2.79612461668356
"60";3.90625;2.7917234733983;1.5625;0.821017407099867;94.53125;2.49282646115876
"61";3.125;2.39983639933845;1.5625;0.791202630534115;94.53125;2.43222432029424
"62";3.125;2.39983639933845;1.5625;0.820336347333464;95.3125;2.42900496174188
"63";3.125;2.42805297073461;0.78125;0.778285093668455;95.3125;2.3159653601128
"64";2.34375;1.55379519689336;1.5625;0.55242717280199;96.09375;1.76815054133
"65";2.34375;1.55379519689336;1.5625;0.55242717280199;96.09375;1.76815054133
"66";2.34375;1.55379519689336;0.78125;0.527303560711369;96.09375;1.61584292265506
"67";2.34375;1.22146243745402;0.78125;0.390625;96.09375;1.48460341809784
"68";2.34375;1.22146243745402;0.78125;0.520833333333333;96.875;1.65728151840597
"69";2.34375;0.973768324029863;0.78125;0.500679644110668;96.09375;1.1625372017857
"70";2.34375;1.00858941307485;0.78125;0.637887953849786;96.875;1.42636082683637
"71";2.34375;1.1587810136087;0.78125;0.653640645729747;96.09375;1.71163299220364
"72";3.125;0.747989927934639;1.5625;0.451054897804395;95.3125;0.983051358759212
"73";3.125;0.747989927934639;0.78125;0.747989927934639;96.09375;1.10485434560398
"74";3.125;0.90210979560879;1.5625;0.451054897804395;95.3125;1.19337908722808
"75";3.125;0.90210979560879;1.5625;0.451054897804395;95.3125;1.19337908722808
"76";3.125;0.90210979560879;1.5625;0.451054897804395;95.3125;1.19337908722808
"77";3.125;0.90210979560879;0.78125;0.78125;96.09375;0.451054897804395
"78";2.34375;0;1.5625;0.55242717280199;96.09375;0.55242717280199
"79";2.34375;0;1.5625;0.55242717280199;96.09375;0.55242717280199
"80";2.34375;0;1.5625;0.55242717280199;96.09375;0.55242717280199
"81";2.34375;0;1.5625;0.55242717280199;96.09375;0.55242717280199
"82";2.34375;0;1.5625;0.55242717280199;96.09375;0.55242717280199
"83";2.34375;0;1.5625;0.55242717280199;96.09375;0.55242717280199
"84";2.34375;0;0.78125;1.10485434560398;96.875;1.10485434560398
"85";2.34375;NA;1.5625;NA;96.09375;NA
"86";2.34375;NA;1.5625;NA;96.09375;NA
"87";2.34375;NA;1.5625;NA;96.09375;NA
"88";2.34375;NA;1.5625;NA;96.09375;NA
"89";2.34375;NA;1.5625;NA;96.09375;NA
"90";2.34375;NA;1.5625;NA;96.09375;NA
"91";2.34375;NA;1.5625;NA;96.09375;NA
"92";2.34375;NA;1.5625;NA;96.09375;NA
"93";2.34375;NA;1.5625;NA;96.09375;NA
"94";2.34375;NA;1.5625;NA;96.09375;NA
"95";2.34375;NA;1.5625;NA;96.09375;NA
"96";2.34375;NA;1.5625;NA;96.09375;NA
"97";2.34375;NA;1.5625;NA;96.09375;NA
"98";2.34375;NA;1.5625;NA;96.09375;NA
"99";2.34375;NA;0.78125;NA;96.875;NA
"100";2.34375;NA;0.78125;NA;96.875;NA
"101";2.34375;NA;0.78125;NA;96.875;NA
