"allS";"sdAllS";"allI";"sdAllI";"allR";"sdAllR"
"1";100;0;0;0;0;0
"2";100;0;0;0;0;0
"3";99.0697674418605;0;0.930232558139535;0;0;0
"4";98.6046511627907;0.437360321843374;1.3953488372093;0.513959303677286;0;0.286319540116787
"5";97.2093023255814;0.994991871381598;2.32558139534884;1.00637007853146;0;0.381759386822383
"6";95.8139534883721;1.93780496924487;3.72093023255814;1.94367178548181;0.465116279069767;0.399253523385559
"7";93.4883720930233;3.45928303996764;6.04651162790698;3.48497046169933;0.465116279069767;0.447086985942153
"8";90.2325581395349;5.01954721534916;8.37209302325581;4.70080942664532;1.3953488372093;0.910299145135504
"9";86.5116279069767;6.27062712203902;11.1627906976744;5.88384483307506;1.86046511627907;1.20408125029862
"10";82.7906976744186;7.51191021520274;13.953488372093;6.8323606558918;3.25581395348837;1.34173248568698
"11";79.0697674418605;9.33660215668332;16.2790697674419;7.88446487738001;4.18604651162791;1.99911739370617
"12";74.8837209302326;10.7490532341355;19.0697674418605;8.89713197755406;6.04651162790698;2.61227537167148
"13";71.6279069767442;11.7516602420112;20;9.13476173657025;7.90697674418605;3.48515196585099
"14";68.8372093023256;12.5274771615602;20.9302325581395;9.17200982354406;10.2325581395349;4.25112237769978
"15";66.046511627907;13.0131491159812;21.3953488372093;8.90203626991781;12.5581395348837;5.42740562221087
"16";63.2558139534884;13.4500503751748;21.8604651162791;9.09221435674053;14.4186046511628;6.16164229797521
"17";60.9302325581395;13.9861804791862;22.3255813953488;9.34141115514232;16.7441860465116;6.37040621494401
"18";59.0697674418605;14.6015687729978;21.8604651162791;9.42466808300535;19.0697674418605;6.90584584583512
"19";57.6744186046512;15.3597132689199;21.3953488372093;9.38060360217749;20.9302325581395;7.64297139531959
"20";56.7441860465116;15.5316764214878;20;8.75587992083962;22.7906976744186;8.37564335316906
"21";56.2790697674419;15.8688178763823;18.6046511627907;8.27894446412526;25.1162790697674;9.02609031514109
"22";55.8139534883721;16.0689751450203;17.2093023255814;7.65124319084785;26.9767441860465;9.93566800130237
"23";55.3488372093023;16.1987488280728;15.8139534883721;7.34182389350909;28.3720930232558;10.3410907765197
"24";55.3488372093023;16.2349463229731;14.4186046511628;6.77051375723893;30.2325581395349;10.6604167926469
"25";54.8837209302326;16.309000868883;13.0232558139535;6.38726415535593;31.6279069767442;10.8662269421836
"26";54.8837209302326;16.3497136339912;12.093023255814;5.71179110333968;33.0232558139535;11.4967717729179
"27";54.8837209302326;16.4335311631181;10.6976744186047;5.11355836812875;34.4186046511628;12.1316167478445
"28";54.4186046511628;16.4984920826942;10.2325581395349;4.92438370161897;34.8837209302326;12.3105995797
"29";54.4186046511628;16.4728610171103;8.83720930232558;4.10563934754746;36.2790697674419;12.916936965502
"30";54.4186046511628;16.4989521569287;7.90697674418605;4.03868960158328;37.2093023255814;13.0263639896097
"31";54.4186046511628;16.4989521569287;6.97674418604651;3.50884783537302;38.1395348837209;13.4867775287675
"32";54.4186046511628;16.5002172949281;6.51162790697674;3.13667508557722;39.0697674418605;13.8909701488566
"33";54.4186046511628;16.5327325602325;5.58139534883721;2.82270058356757;39.5348837209302;14.3407875408794
"34";54.4186046511628;16.5578889282505;5.11627906976744;2.47755828986643;40.4651162790698;14.5622671467473
"35";54.4186046511628;16.5578889282505;4.65116279069767;2.25375269833567;40.9302325581395;14.7808562903309
"36";54.4186046511628;16.5578889282505;4.18604651162791;2.04726566477937;41.3953488372093;14.8159069828734
"37";54.4186046511628;16.6101439246336;3.72093023255814;1.89916235669483;41.8604651162791;15.0180090449844
"38";54.4186046511628;16.6101439246336;3.25581395348837;1.71172014723163;42.3255813953488;15.2276909886691
"39";54.4186046511628;16.6101439246336;2.7906976744186;1.58747959582958;42.3255813953488;15.3948430444274
"40";53.4883720930233;16.6033538003573;2.7906976744186;1.35368720950511;43.2558139534884;15.6363017501145
"41";53.4883720930233;16.6033538003573;2.32558139534884;1.27848236453261;43.7209302325581;15.7472238207247
"42";53.4883720930233;16.6033538003573;2.32558139534884;1.28427549586436;44.1860465116279;16.0047678096161
"43";53.4883720930233;16.6033538003573;1.86046511627907;1.21497145341584;44.1860465116279;16.0100013987407
"44";52.5581395348837;16.735111159922;1.86046511627907;1.03312613012065;45.1162790697674;16.2137638681262
"45";52.5581395348837;16.735111159922;1.3953488372093;1.02849671416317;45.5813953488372;16.305235957381
"46";53.953488372093;16.7226390216978;1.86046511627907;0.960740054873158;44.6511627906977;16.120154572786
"47";51.6279069767442;15.1296814255159;1.3953488372093;0.779610892881419;46.5116279069767;14.8347061143276
"48";51.6279069767442;15.1296814255159;1.3953488372093;0.809432150582914;46.5116279069767;14.7959065053027
"49";50.6976744186047;14.9946749215535;1.3953488372093;0.783918868201281;47.906976744186;14.7644080505611
"50";49.3023255813954;14.7133586295471;1.3953488372093;0.731632338483448;49.3023255813954;14.4841451914413
"51";49.3023255813954;14.7133586295471;1.3953488372093;0.77220652799903;49.3023255813954;14.5734848187872
"52";49.3023255813954;14.7133586295471;0.930232558139535;0.72401096045968;49.3023255813954;14.5849941207
"53";49.3023255813954;14.7133586295471;0.930232558139535;0.66197681986299;49.7674418604651;14.5567277716547
"54";49.3023255813954;14.7133586295471;0.930232558139535;0.722093047261567;49.7674418604651;14.539188390588
"55";48.8372093023256;15.3406666702142;0.930232558139535;0.700019549313901;49.7674418604651;15.2444826341391
"56";48.8372093023256;15.3406666702142;0.930232558139535;0.518437608393221;49.7674418604651;15.3398119834062
"57";48.8372093023256;15.3406666702142;0.465116279069767;0.504011474163178;50.2325581395349;15.4876588898429
"58";51.1627906976744;16.0823103653766;0.465116279069767;0.545947809663845;47.906976744186;16.0903793141109
"59";48.8372093023256;10.8475703682543;0.930232558139535;0.493330312455731;50.2325581395349;11.0050805486841
"60";48.8372093023256;10.8475703682543;0.930232558139535;0.351594858613235;50.2325581395349;10.966575615519
"61";48.8372093023256;10.8475703682543;0.465116279069767;0.328886874970487;50.2325581395349;10.924929794486
"62";48.8372093023256;11.7034093588327;0.465116279069767;0.418481586438343;50.6976744186047;11.8490597235879
"63";50.2325581395349;12.5322731026116;0.465116279069767;0.208006323488353;48.8372093023256;12.6926474417508
"64";50.2325581395349;12.5322731026116;0.465116279069767;0.208006323488353;48.8372093023256;12.6926474417508
"65";50.2325581395349;12.5322731026116;0.465116279069767;0.208006323488353;48.8372093023256;12.6926474417508
"66";50.2325581395349;12.5322731026116;0.465116279069767;0.328886874970487;49.3023255813954;12.665347724828
"67";49.3023255813954;14.3176007167065;0.465116279069767;0.232558139534884;49.7674418604651;14.5133173335816
"68";49.3023255813954;14.3176007167065;0.465116279069767;0.232558139534884;49.7674418604651;14.5133173335816
"69";49.3023255813954;14.3176007167065;0.465116279069767;0;49.7674418604651;14.3176007167065
"70";49.3023255813954;14.3176007167065;0.465116279069767;0;49.7674418604651;14.3176007167065
"71";49.3023255813954;14.3176007167065;0.465116279069767;0;49.7674418604651;14.3176007167065
"72";49.3023255813954;14.3176007167065;0.465116279069767;0;49.7674418604651;14.3176007167065
"73";49.3023255813954;14.3176007167065;0.465116279069767;0;49.7674418604651;14.3176007167065
"74";49.3023255813954;14.3176007167065;0.465116279069767;0;49.7674418604651;14.3176007167065
"75";49.3023255813954;14.3176007167065;0.465116279069767;0.232558139534884;50.2325581395349;14.441092740707
"76";53.0232558139535;14.9224302828105;0.465116279069767;0;46.046511627907;14.9224302828105
"77";53.0232558139535;14.9224302828105;0.465116279069767;0.268535008925407;46.5116279069767;14.9055073106624
"78";52.5581395348837;21.0487599981112;0;0.328886874970487;46.9767441860465;21.3776468730817
"79";67.4418604651163;NA;0.465116279069767;NA;32.093023255814;NA
"80";67.4418604651163;NA;0.465116279069767;NA;32.093023255814;NA
"81";67.4418604651163;NA;0.465116279069767;NA;32.093023255814;NA
"82";67.4418604651163;NA;0.465116279069767;NA;32.093023255814;NA
"83";67.4418604651163;NA;0.465116279069767;NA;32.093023255814;NA
"84";67.4418604651163;NA;0.465116279069767;NA;32.093023255814;NA
"85";67.4418604651163;NA;0.465116279069767;NA;32.093023255814;NA
"86";67.4418604651163;NA;0.465116279069767;NA;32.093023255814;NA
"87";67.4418604651163;NA;0.465116279069767;NA;32.093023255814;NA
"88";67.4418604651163;NA;0.465116279069767;NA;32.093023255814;NA
"89";67.4418604651163;NA;0.465116279069767;NA;32.093023255814;NA
"90";67.4418604651163;NA;0.465116279069767;NA;32.093023255814;NA
"91";67.4418604651163;NA;0.465116279069767;NA;32.093023255814;NA
