"allS";"sdAllS";"allI";"sdAllI";"allR";"sdAllR"
"1";100;0;0;0;0;0
"2";100;0;0;0;0;0
"3";98.3333333333333;0;1.66666666666667;0;0;0
"4";95;2.28617763682845;5;2.28617763682845;0;0
"5";86.6666666666667;8.90946996014691;13.3333333333333;8.61582591167851;0;0.871913939634328
"6";68.3333333333333;18.4602861229909;30;17.0568365330333;1.66666666666667;2.26045330029333
"7";55;21.5713151529271;41.6666666666667;18.8272773992685;3.33333333333333;4.58433003516817
"8";40;17.3944416894998;50;13.4986101371041;8.33333333333333;6.57095030526255
"9";31.6666666666667;13.5730162686957;55;9.96745842330947;13.3333333333333;7.1145824860365
"10";28.3333333333333;10.5316750489764;55;7.63868952424585;16.6666666666667;6.9295161181881
"11";23.3333333333333;8.61229005323286;51.6666666666667;6.7321346857368;23.3333333333333;7.79863535820802
"12";21.6666666666667;7.3680729519557;48.3333333333333;6.37265927418227;28.3333333333333;7.89387043112349
"13";20;6.89426313666159;45;5.85452846724219;35;7.11572401552416
"14";18.3333333333333;6.33046000276865;40;4.97067423386217;40;7.20758751169845
"15";18.3333333333333;6.43607038101027;38.3333333333333;6.06173567356894;43.3333333333333;7.51649690986243
"16";16.6666666666667;6.42723048815648;35;6.38030188249435;46.6666666666667;7.64294150872444
"17";16.6666666666667;6.3483969826652;33.3333333333333;5.7212143551178;50;6.90250493654009
"18";15;6.29314219817459;30;5.18814312734446;53.3333333333333;6.46879850714612
"19";15;6.1124400468909;26.6666666666667;5.3393606293099;56.6666666666667;6.39682954283839
"20";15;5.98080099207645;25;5.18187725171601;58.3333333333333;6.05771462127002
"21";15;5.77068840818437;23.3333333333333;5.30884974735827;61.6666666666667;5.83646532461045
"22";15;5.52917714221976;21.6666666666667;5.70272896154437;63.3333333333333;6.44489814898166
"23";15;5.42387809056035;18.3333333333333;5.22247106536647;65;6.27245802653209
"24";13.3333333333333;5.36818534563899;18.3333333333333;5.24729578549074;66.6666666666667;6.25819800223816
"25";13.3333333333333;5.36818534563899;16.6666666666667;5.16303399930435;70;5.90563656263036
"26";13.3333333333333;5.36667211506752;15;4.84322104837853;70;6.29314219817459
"27";13.3333333333333;5.33479512131017;13.3333333333333;4.24822708883489;71.6666666666667;6.34199674212018
"28";13.3333333333333;5.35303379031311;13.3333333333333;4.28060588522692;73.3333333333333;5.89462371097232
"29";13.3333333333333;5.34544190762413;11.6666666666667;3.84477908153836;73.3333333333333;6.42849407422751
"30";13.3333333333333;5.28431420415054;10;3.83208302348676;75;6.54618221747848
"31";13.3333333333333;5.31343754865866;10;3.56641251758879;76.6666666666667;6.29314219817459
"32";13.3333333333333;5.14885630480822;8.33333333333333;3.60266668975259;76.6666666666667;6.10046920297335
"33";13.3333333333333;5.18970841418875;8.33333333333333;3.3260153589004;78.3333333333333;5.86146100782039
"34";13.3333333333333;5.18970841418875;6.66666666666667;2.98360257750271;78.3333333333333;5.79736894458703
"35";13.3333333333333;5.21313131828179;6.66666666666667;3.23439925357306;80;5.9207457865767
"36";13.3333333333333;5.06776688577691;6.66666666666667;3.2041233992521;80;5.99301087411261
"37";13.3333333333333;4.94938645195667;5;3.4857921966845;81.6666666666667;5.80017028272808
"38";13.3333333333333;5.08818387101934;5;3.18287903544077;81.6666666666667;5.68477179452668
"39";13.3333333333333;5.08818387101934;5;2.76959579305995;81.6666666666667;5.43078852951278
"40";13.3333333333333;5.08818387101934;5;2.46250016127902;81.6666666666667;5.48318880553316
"41";13.3333333333333;4.99182337964744;5;2.42535625036333;81.6666666666667;5.4906337360572
"42";11.6666666666667;4.92500032255804;3.33333333333333;2.63523138347365;83.3333333333333;5.67278280727404
"43";11.6666666666667;4.85538878880843;3.33333333333333;2.74985970461435;83.3333333333333;5.43997415517804
"44";11.6666666666667;4.85538878880843;3.33333333333333;2.38953479640073;83.3333333333333;5.3997767510806
"45";11.6666666666667;4.85538878880843;3.33333333333333;2.06115647466947;83.3333333333333;5.21244391167105
"46";11.6666666666667;4.85538878880843;3.33333333333333;2.08088090948933;83.3333333333333;5.13082302879333
"47";11.6666666666667;4.95073771488337;3.33333333333333;2.13045830235381;83.3333333333333;5.13082302879333
"48";11.6666666666667;4.95073771488337;3.33333333333333;2.18099002790374;83.3333333333333;5.20460105924665
"49";13.3333333333333;4.89889610081046;3.33333333333333;1.76198046623641;83.3333333333333;4.7227027821606
"50";11.6666666666667;4.81966458030708;1.66666666666667;1.6907975326148;85;4.58964212273842
"51";11.6666666666667;4.09119685885338;3.33333333333333;1.46176336551172;85;4.48168161357655
"52";11.6666666666667;4.09119685885338;3.33333333333333;1.46176336551172;85;4.48168161357655
"53";11.6666666666667;4.09119685885338;1.66666666666667;1.27991274631384;85;4.55654565017276
"54";11.6666666666667;3.46944333244355;1.66666666666667;1.08556491213155;85;3.72677996249965
"55";11.6666666666667;3.46944333244355;1.66666666666667;1.03596926751343;85;3.7239555740966
"56";11.6666666666667;3.46944333244355;1.66666666666667;0.962250448649376;85;3.84900179459751
"57";11.6666666666667;3.62371537669739;1.66666666666667;1.47937560766432;85;3.84900179459751
"58";11.6666666666667;3.62371537669739;1.66666666666667;1.71642883514812;85;3.61208223150277
"59";10;3.35640165933183;1.66666666666667;1.61015297179883;86.6666666666667;3.80464303739199
"60";10;3.35640165933183;1.66666666666667;1.05409255338946;86.6666666666667;3.77205448817066
"61";10;3.35640165933183;1.66666666666667;1.05409255338946;86.6666666666667;3.77205448817066
"62";10;3.35640165933183;1.66666666666667;0.946077020329245;86.6666666666667;3.53116635157127
"63";10;3.77307714089059;1.66666666666667;1.06811657410276;86.6666666666667;4.3415672687644
"64";11.6666666666667;4.00231414540619;1.66666666666667;0.680413817439772;86.6666666666667;4.21637021355784
"65";11.6666666666667;4.00231414540619;1.66666666666667;0;86.6666666666667;4.00231414540619
"66";11.6666666666667;4.00231414540619;1.66666666666667;0.86066296582387;86.6666666666667;3.61324723144647
"67";10;4.30331482911935;1.66666666666667;0;88.3333333333333;4.30331482911935
"68";10;4.30331482911935;1.66666666666667;0;88.3333333333333;4.30331482911935
"69";10;4.30331482911935;0;0.962250448649376;88.3333333333333;4.40958551844098
"70";10;7.07106781186548;1.66666666666667;0;88.3333333333333;7.07106781186548
"71";10;7.07106781186548;1.66666666666667;0;88.3333333333333;7.07106781186548
"72";10;7.07106781186548;1.66666666666667;0;88.3333333333333;7.07106781186548
"73";10;7.07106781186548;1.66666666666667;0;88.3333333333333;7.07106781186548
"74";10;7.07106781186548;1.66666666666667;0;88.3333333333333;7.07106781186548
"75";10;7.07106781186548;1.66666666666667;0;88.3333333333333;7.07106781186548
"76";10;7.07106781186548;1.66666666666667;0;88.3333333333333;7.07106781186548
"77";10;7.07106781186548;1.66666666666667;0;88.3333333333333;7.07106781186548
"78";10;7.07106781186548;1.66666666666667;0;88.3333333333333;7.07106781186548
"79";10;7.07106781186548;1.66666666666667;0;88.3333333333333;7.07106781186548
"80";10;7.07106781186548;1.66666666666667;0;88.3333333333333;7.07106781186548
"81";10;7.07106781186548;1.66666666666667;0;88.3333333333333;7.07106781186548
"82";10;7.07106781186548;1.66666666666667;0;88.3333333333333;7.07106781186548
"83";10;7.07106781186548;1.66666666666667;0;88.3333333333333;7.07106781186548
"84";10;7.07106781186548;1.66666666666667;0;88.3333333333333;7.07106781186548
"85";10;7.07106781186548;1.66666666666667;0;88.3333333333333;7.07106781186548
"86";10;7.07106781186548;1.66666666666667;0;88.3333333333333;7.07106781186548
"87";10;7.07106781186548;1.66666666666667;0;88.3333333333333;7.07106781186548
"88";10;7.07106781186548;1.66666666666667;0;88.3333333333333;7.07106781186548
"89";10;7.07106781186548;1.66666666666667;0;88.3333333333333;7.07106781186548
"90";10;7.07106781186548;1.66666666666667;0;88.3333333333333;7.07106781186548
"91";10;7.07106781186548;0;1.17851130197758;88.3333333333333;8.24957911384305
"92";15;NA;1.66666666666667;NA;83.3333333333333;NA
"93";15;NA;1.66666666666667;NA;83.3333333333333;NA
"94";15;NA;1.66666666666667;NA;83.3333333333333;NA
"95";15;NA;1.66666666666667;NA;83.3333333333333;NA
"96";15;NA;1.66666666666667;NA;83.3333333333333;NA
"97";15;NA;1.66666666666667;NA;83.3333333333333;NA
"98";15;NA;1.66666666666667;NA;83.3333333333333;NA
