"allS";"sdAllS";"allI";"sdAllI";"allR";"sdAllR"
"1";100;0;0;0;0;0
"2";100;0;0;0;0;0
"3";99.0697674418605;0;0.930232558139535;0;0;0
"4";98.1395348837209;0.798507046771118;1.86046511627907;0.830312953603798;0;0.227609527874229
"5";97.2093023255814;1.73555596493317;2.7906976744186;1.64114221063975;0;0.265693288640688
"6";95.8139534883721;3.02899370759444;3.72093023255814;2.76775555446228;0.465116279069767;0.429479310175181
"7";94.8837209302326;3.68433658295145;4.18604651162791;3.21631929392297;0.930232558139535;0.773519203077976
"8";93.4883720930233;4.38400419202421;5.11627906976744;3.63598120916545;1.3953488372093;1.0805984379211
"9";92.093023255814;5.32409321679181;6.04651162790698;4.48076273986465;1.86046511627907;1.26904694137557
"10";91.1627906976744;6.14684150775124;6.51162790697674;4.59451426769656;2.32558139534884;2.02364735914135
"11";90.2325581395349;6.92359281306556;6.51162790697674;4.7800713722308;2.7906976744186;2.50220110643275
"12";89.3023255813954;7.33992818410508;6.51162790697674;4.98261409793284;3.72093023255814;2.69005710441642
"13";88.8372093023256;7.91465295665503;6.97674418604651;4.89345781250821;4.18604651162791;3.32178504903602
"14";87.9069767441861;8.18489043924281;6.97674418604651;4.75845248161948;4.65116279069767;3.75005600688564
"15";87.4418604651163;8.48928957034622;6.97674418604651;4.89255287346904;5.58139534883721;4.00976734547334
"16";86.5116279069767;8.78890504036922;7.44186046511628;5.05308198937682;6.04651162790698;4.42121648991145
"17";86.046511627907;8.98204235215352;7.44186046511628;4.94195046357678;6.51162790697674;4.80764906276327
"18";85.1162790697674;9.16862988681711;7.44186046511628;5.10885556169355;7.44186046511628;5.13010754365453
"19";84.6511627906977;9.35460624880974;7.44186046511628;5.0054133053524;7.90697674418605;5.36669421506834
"20";84.1860465116279;9.46485246423588;6.97674418604651;4.72523635244139;8.83720930232558;5.65961331011094
"21";83.7209302325581;9.59844210620921;6.51162790697674;4.34385293833237;9.30232558139535;6.31645889021689
"22";83.7209302325581;9.70969830236286;6.04651162790698;4.06445029666292;10.2325581395349;6.68930525662114
"23";83.2558139534884;10.0148065941167;6.04651162790698;4.32444207162212;10.6976744186047;6.79271314002131
"24";82.7906976744186;10.0674713739765;5.58139534883721;4.03492889034486;11.1627906976744;7.20484808195868
"25";82.3255813953488;10.130544988655;5.58139534883721;3.85567924823229;12.093023255814;7.54811604544209
"26";81.8604651162791;10.3139573598173;5.58139534883721;4.20459194868816;12.5581395348837;7.76319052743833
"27";81.3953488372093;10.5773183322726;5.58139534883721;4.14916432562806;13.0232558139535;7.98871361719717
"28";80.9302325581395;10.7315613449902;5.11627906976744;4.0756403003007;13.4883720930233;8.2492460413471
"29";80.9302325581395;10.6893338425816;5.11627906976744;3.7476937666469;13.953488372093;8.6310935649438
"30";80.4651162790698;11.0089011645743;4.65116279069767;4.14092367335123;14.4186046511628;8.92417855448315
"31";80;11.0493922818891;4.65116279069767;4.1028651624544;14.8837209302326;9.07285304614449
"32";80;11.1760427254512;4.65116279069767;4.12485305458358;15.3488372093023;9.31428579688905
"33";79.5348837209302;11.2374537374467;4.65116279069767;4.08401268239695;15.3488372093023;9.34086941992829
"34";79.5348837209302;11.3664053724031;4.65116279069767;4.15495350576597;15.8139534883721;9.42835878154421
"35";79.0697674418605;11.4249664370061;4.18604651162791;4.00250412636217;16.2790697674419;9.54762924660244
"36";79.0697674418605;11.4370298254927;3.72093023255814;3.59697660266523;16.7441860465116;9.53244537987739
"37";78.6046511627907;11.6588431758435;3.72093023255814;3.44221374145688;17.2093023255814;10.1092838336029
"38";78.6046511627907;11.6883669094583;3.25581395348837;3.41965038761438;17.6744186046512;10.4238432208148
"39";78.6046511627907;11.7668548781889;3.25581395348837;3.4121997091532;18.1395348837209;10.5003376153485
"40";77.2093023255814;11.4063014451956;3.25581395348837;3.01218640670662;19.5348837209302;10.5634534678803
"41";77.2093023255814;11.4633360901965;2.7906976744186;2.85800056207164;19.5348837209302;10.622767543241
"42";77.2093023255814;11.5506324245606;2.7906976744186;2.7772704796986;20;10.6382546530041
"43";76.7441860465116;11.5779364021418;2.7906976744186;2.58473921035447;20;10.6094320468545
"44";76.7441860465116;11.5798596930451;2.32558139534884;2.29043204692933;20.4651162790698;10.8055289839055
"45";77.2093023255814;11.7760715361988;2.32558139534884;2.42574973216843;20;10.8625232516918
"46";77.6744186046512;12.1017942466077;2.32558139534884;2.35200930504025;19.5348837209302;11.0303139390623
"47";77.6744186046512;12.047533489243;2.32558139534884;2.1506763689373;20;11.1371059249441
"48";76.2790697674419;11.1284504590039;1.86046511627907;1.69883103898148;21.3953488372093;10.619946734862
"49";77.2093023255814;11.137543502126;1.86046511627907;1.47271128687247;20.9302325581395;10.4426313806363
"50";76.7441860465116;11.4932299361769;1.86046511627907;1.32794690214204;21.3953488372093;10.9220577289717
"51";76.7441860465116;11.4196286762973;1.86046511627907;1.24580354969087;21.3953488372093;10.8763459590487
"52";74.8837209302326;10.8444748757668;1.86046511627907;1.15472892439492;22.7906976744186;10.490314975939
"53";74.8837209302326;10.861870695993;1.86046511627907;0.938651123924675;23.2558139534884;10.5327856817188
"54";74.8837209302326;10.8810462733305;1.3953488372093;0.866756044462127;23.2558139534884;10.5497633742221
"55";74.8837209302326;10.8810462733305;1.3953488372093;0.86902207720356;23.2558139534884;10.5075484609647
"56";74.8837209302326;10.9523863474752;1.3953488372093;0.86902207720356;23.7209302325581;10.5793623026585
"57";74.8837209302326;10.968893885414;1.3953488372093;0.752595195307805;23.7209302325581;10.6984097550379
"58";74.8837209302326;10.9911039480282;1.3953488372093;0.785832564050798;23.7209302325581;10.7747932657596
"59";74.8837209302326;11.0150547989471;0.930232558139535;0.785832564050798;24.1860465116279;10.7702291836557
"60";73.4883720930233;11.0416553993092;1.3953488372093;0.733777337438712;25.1162790697674;10.8890863340242
"61";73.4883720930233;10.9383113801907;0.930232558139535;0.659598368563803;25.1162790697674;10.7620800240625
"62";73.4883720930233;10.8593556637752;0.930232558139535;0.733777337438712;25.1162790697674;10.6587314994822
"63";73.4883720930233;10.8101046191649;0.930232558139535;0.79660357076993;25.1162790697674;10.6465467356504
"64";73.4883720930233;10.7101376674269;0.930232558139535;0.792064482136112;25.5813953488372;10.5585834691358
"65";73.4883720930233;10.6112677123798;0.930232558139535;0.790545661022137;25.5813953488372;10.6700012815424
"66";73.953488372093;11.095972500544;1.3953488372093;0.743251073793923;24.6511627906977;11.1849171627911
"67";73.953488372093;10.8722928899496;1.3953488372093;0.85220965703526;24.6511627906977;11.066689038446
"68";73.953488372093;10.654071183821;1.3953488372093;1.10486971085155;24.6511627906977;11.1543087930702
"69";73.953488372093;10.5471132436728;1.3953488372093;1.16445064241341;24.6511627906977;10.9727384435954
"70";71.6279069767442;9.65179653418335;1.86046511627907;1.65224645860981;26.5116279069767;10.7782606755874
"71";71.6279069767442;9.68854918286234;1.3953488372093;1.67392634575337;26.5116279069767;10.8772069744047
"72";71.6279069767442;9.59237723922978;1.3953488372093;1.35413478340047;26.5116279069767;10.4708978738394
"73";71.1627906976744;9.10533390458142;1.3953488372093;1.91234422751583;26.9767441860465;10.3859439024608
"74";71.1627906976744;9.10533390458142;1.3953488372093;1.80138760288717;26.9767441860465;10.1820964544276
"75";69.7674418604651;8.41719119574598;1.86046511627907;2.45088770649468;28.3720930232558;10.576325559475
"76";70.6976744186046;8.34232433665945;2.32558139534884;2.85582910381558;26.9767441860465;10.6905942191877
"77";70.2325581395349;8.98188389632284;2.7906976744186;3.29708066947856;26.9767441860465;11.9791899361748
"78";70.2325581395349;8.55422053848815;2.7906976744186;3.32159461792691;26.9767441860465;11.6022973797827
"79";69.7674418604651;7.71191217063346;2.7906976744186;4.10779575178039;27.4418604651163;11.5149552782628
"80";71.6279069767442;6.31485638896629;4.18604651162791;5.65838374911462;24.1860465116279;11.6030742586466
"81";71.1627906976744;5.82789027262403;3.72093023255814;4.85595651577235;25.1162790697674;10.2852764593005
"82";70.6976744186046;5.11627906976744;3.72093023255814;5.50987771904399;25.1162790697674;10.2043303391655
"83";70.6976744186046;4.88556628111278;3.72093023255814;4.97333796351796;25.5813953488372;9.42171448324868
"84";70.2325581395349;4.65890827947805;3.25581395348837;4.70511345906776;26.046511627907;8.90224943873215
"85";70.2325581395349;4.65890827947805;3.25581395348837;4.70511345906776;26.046511627907;8.90224943873215
"86";70.2325581395349;4.65890827947805;2.7906976744186;4.02802513388111;26.5116279069767;8.32458527668763
"87";70.2325581395349;4.43692651821835;2.7906976744186;4.29656014280652;26.5116279069767;8.32458527668763
"88";70.2325581395349;4.43692651821835;2.7906976744186;4.29656014280652;26.5116279069767;8.32458527668763
"89";70.2325581395349;4.22035894226859;2.7906976744186;4.29656014280652;26.9767441860465;8.06946584785929
"90";69.7674418604651;4.01008283918684;3.25581395348837;4.56509515173192;26.9767441860465;8.06946584785929
"91";69.7674418604651;3.80714082412672;2.32558139534884;3.4909551160303;27.4418604651163;6.80936162976674
"92";69.3023255813954;3.42842548643349;2.7906976744186;3.7594901249557;27.906976744186;6.56127254868181
"93";69.3023255813954;3.25581395348837;2.32558139534884;3.22242010710489;28.3720930232558;5.82789027262403
"94";68.8372093023256;2.95388509817948;2.32558139534884;3.4909551160303;28.3720930232558;5.5878515630822
"95";68.8372093023256;2.95388509817948;2.32558139534884;3.22242010710489;28.3720930232558;5.35052214782555
"96";68.8372093023256;2.95388509817948;2.32558139534884;2.95388509817948;28.8372093023256;5.11627906976744
"97";68.8372093023256;2.82919187455731;1.86046511627907;2.68535008925407;28.8372093023256;4.65890827947805
"98";68.8372093023256;2.72533268701503;2.32558139534884;2.95388509817948;28.8372093023256;4.65890827947805
"99";68.8372093023256;2.72533268701503;1.86046511627907;2.68535008925407;29.3023255813954;4.43692651821835
"100";68.3720930232558;2.64476311771038;1.86046511627907;2.68535008925407;29.3023255813954;4.22035894226859
"101";68.3720930232558;2.58965784317675;1.86046511627907;2.68535008925407;29.3023255813954;4.01008283918684
"102";68.3720930232558;2.58965784317675;1.86046511627907;2.14828007140326;29.7674418604651;3.61276905356001
"103";68.3720930232558;2.56166071966795;1.3953488372093;2.29436412200756;30.2325581395349;3.35400118647813
"104";66.9767441860465;1.97332124982292;1.86046511627907;2.30220812479341;30.6976744186047;4.27552937461633
"105";66.9767441860465;1.64443437485244;1.86046511627907;1.97332124982292;31.1627906976744;3.61775562467536
"106";66.9767441860465;1.64443437485244;1.3953488372093;1.31554749988195;31.6279069767442;2.95998187473438
"107";66.9767441860465;1.64443437485244;0.930232558139535;0.986660624911462;32.093023255814;2.6310949997639
"108";66.5116279069767;1.31554749988195;0.930232558139535;0.986660624911462;32.093023255814;2.30220812479341
"109";66.5116279069767;1.31554749988195;0.930232558139535;0.657773749940974;32.5581395348837;1.97332124982292
"110";66.5116279069767;1.31554749988195;0.930232558139535;0.657773749940974;32.5581395348837;1.97332124982292
"111";66.5116279069767;1.31554749988195;0.930232558139535;0.328886874970487;32.5581395348837;1.64443437485244
"112";66.5116279069767;1.31554749988195;0.930232558139535;0.328886874970487;32.5581395348837;1.64443437485244
"113";66.5116279069767;1.31554749988195;0.930232558139535;0.328886874970487;32.5581395348837;1.64443437485244
"114";66.5116279069767;1.31554749988195;0.465116279069767;0.657773749940974;33.0232558139535;1.97332124982292
"115";67.4418604651163;NA;0.930232558139535;NA;31.6279069767442;NA
"116";67.4418604651163;NA;0.930232558139535;NA;31.6279069767442;NA
"117";67.4418604651163;NA;0.930232558139535;NA;31.6279069767442;NA
"118";67.4418604651163;NA;0.930232558139535;NA;31.6279069767442;NA
"119";67.4418604651163;NA;0.930232558139535;NA;31.6279069767442;NA
"120";67.4418604651163;NA;0.930232558139535;NA;31.6279069767442;NA
"121";67.4418604651163;NA;0.930232558139535;NA;31.6279069767442;NA
"122";67.4418604651163;NA;0.930232558139535;NA;31.6279069767442;NA
"123";67.4418604651163;NA;0.930232558139535;NA;31.6279069767442;NA
"124";67.4418604651163;NA;0.930232558139535;NA;31.6279069767442;NA
"125";67.4418604651163;NA;0.930232558139535;NA;31.6279069767442;NA
"126";67.4418604651163;NA;0.930232558139535;NA;31.6279069767442;NA
"127";67.4418604651163;NA;0.930232558139535;NA;31.6279069767442;NA
"128";67.4418604651163;NA;0.930232558139535;NA;31.6279069767442;NA
"129";67.4418604651163;NA;0.930232558139535;NA;31.6279069767442;NA
"130";67.4418604651163;NA;0.465116279069767;NA;32.093023255814;NA
"131";67.4418604651163;NA;0.465116279069767;NA;32.093023255814;NA
"132";67.4418604651163;NA;0.465116279069767;NA;32.093023255814;NA
"133";67.4418604651163;NA;0.465116279069767;NA;32.093023255814;NA
"134";67.4418604651163;NA;0.465116279069767;NA;32.093023255814;NA
"135";67.4418604651163;NA;0.465116279069767;NA;32.093023255814;NA
"136";67.4418604651163;NA;0.465116279069767;NA;32.093023255814;NA
"137";67.4418604651163;NA;0.465116279069767;NA;32.093023255814;NA
"138";67.4418604651163;NA;0.465116279069767;NA;32.093023255814;NA
"139";67.4418604651163;NA;0.465116279069767;NA;32.093023255814;NA
"140";67.4418604651163;NA;0.465116279069767;NA;32.093023255814;NA
"141";67.4418604651163;NA;0.465116279069767;NA;32.093023255814;NA
