"allS";"sdAllS";"allI";"sdAllI";"allR";"sdAllR"
"1";100;0;0;0;0;0
"2";100;0;0;0;0;0
"3";99.21875;0;0.78125;0;0;0
"4";97.65625;1.31707379753676;2.34375;1.3626274988631;0;0.240463676269958
"5";90.625;6.63929456486749;8.59375;6.51807389609592;0;0.593089573840819
"6";71.875;16.6821645324233;26.5625;15.7782370755993;0.78125;1.62498418514572
"7";52.34375;22.4355459308907;43.75;19.9590886947649;3.90625;3.15848629413367
"8";35.15625;19.5625662681276;56.25;16.3534071367934;8.59375;4.22493860577733
"9";25.78125;19.2452562602682;60.15625;15.6431500943353;14.0625;6.2571345426302
"10";20.3125;19.4499404011005;59.375;15.1406329681359;19.53125;7.27794762033415
"11";17.1875;20.114908558747;57.03125;14.6987667919064;25;7.75103747064514
"12";15.625;20.2930736784339;51.5625;13.3653704250593;32.03125;9.09066410332858
"13";14.0625;20.2945686710474;48.4375;12.6542418629235;37.5;10.7611620532069
"14";13.28125;18.3322586158281;43.75;9.87037208113769;42.96875;11.8605877839342
"15";10.9375;12.1206073518855;41.40625;5.74285645121818;47.65625;12.4370215385944
"16";9.375;5.96839071130138;38.28125;8.5660855226034;52.34375;12.4708404405581
"17";8.59375;4.59249793972614;35.15625;9.72960278803876;56.25;12.2642004680837
"18";8.59375;4.23969715675473;32.03125;9.62151528017026;59.375;11.603047236865
"19";7.8125;3.856129478862;28.90625;8.48044659560402;62.5;9.90232358726479
"20";7.8125;3.88793219683399;26.5625;7.87846783271226;65.625;9.36223698724489
"21";7.8125;3.81378127137514;23.4375;7.73051832119001;67.96875;9.33990751782481
"22";7.8125;3.81378127137514;21.09375;6.82360717009479;70.3125;8.62463714382078
"23";7.8125;3.73290450231342;18.75;6.40122244241754;72.65625;7.90334607639172
"24";7.8125;3.67265743032367;17.1875;6.61915765991621;74.21875;8.12140573615267
"25";7.8125;3.67265743032367;15.625;5.79667660853591;76.5625;7.45935203581552
"26";7.8125;3.57614713811326;14.0625;5.63874012241464;77.34375;6.98030193371976
"27";7.8125;3.57614713811326;13.28125;5.22919342360527;78.90625;6.66644179650904
"28";7.8125;3.57614713811326;10.9375;3.90076369111274;80.46875;5.5416893384314
"29";7.8125;3.57614713811326;10.15625;3.58810419729258;81.25;5.49641862398221
"30";7.8125;3.57614713811326;9.375;3.1838393439111;82.8125;5.06871527540546
"31";7.8125;3.57614713811326;8.59375;2.90663905149193;83.59375;4.82520383606496
"32";7.8125;3.57614713811326;7.8125;2.75663842723237;84.375;4.79031075876818
"33";7.8125;3.57614713811326;7.03125;2.53893070676849;85.15625;4.60259050083189
"34";7.8125;3.57614713811326;6.25;2.179621097078;85.9375;4.20206658965604
"35";7.8125;3.57614713811326;5.46875;2.0171788261497;86.71875;3.97149459594973
"36";7.8125;3.57614713811326;4.6875;1.8052084756937;86.71875;3.84407759622376
"37";7.8125;3.57614713811326;4.6875;1.69297189243705;87.5;3.89068536526363
"38";7.8125;3.57614713811326;3.90625;1.69507889000717;87.5;3.81705550622114
"39";7.8125;3.57614713811326;3.90625;1.51612465011237;88.28125;3.83664223607842
"40";7.8125;3.57614713811326;3.125;1.51965189330566;88.28125;3.83524650127103
"41";7.8125;3.57614713811326;3.125;1.26170959132292;89.0625;3.69976942713488
"42";7.8125;3.57614713811326;3.125;1.37928997500918;89.0625;3.74102315535516
"43";7.8125;3.6263594933543;3.125;1.27967856566147;89.0625;3.95647853860862
"44";7.8125;3.6263594933543;2.34375;1.23526471100327;89.84375;4.01552625225092
"45";7.8125;3.6263594933543;2.34375;0.998652329228347;89.84375;3.91313731066677
"46";7.8125;3.6263594933543;1.5625;1.10485434560398;90.625;3.9788494541717
"47";7.8125;3.62126812532267;1.5625;0.896286988273993;89.84375;3.83611205350423
"48";7.8125;3.62126812532267;1.5625;0.850028552991448;90.625;3.91084288812377
"49";7.8125;3.62126812532267;1.5625;0.850028552991448;90.625;3.9085471186931
"50";7.8125;3.62126812532267;1.5625;0.896286988273993;90.625;3.95420926481218
"51";7.8125;3.65187371641258;1.5625;0.9765625;90.625;3.91372981786423
"52";7.8125;3.36526963353419;1.5625;0.802425923457962;90.625;3.73733337517695
"53";7.8125;3.36526963353419;1.5625;0.725611509112551;90.625;3.74584820534315
"54";7.8125;3.36526963353419;1.5625;0.732511298341399;90.625;3.73014791623493
"55";7.8125;3.36526963353419;0.78125;0.732511298341399;90.625;3.84524827294197
"56";7.8125;3.36526963353419;0.78125;0.821017407099867;91.40625;3.86221748495588
"57";7.03125;3.62569689454557;0.78125;0.754146327471424;91.40625;4.11155551234087
"58";7.03125;3.78065124861265;0.78125;0.842749828079053;91.40625;4.26999599145543
"59";7.03125;3.72177237707199;0.78125;0.78125;91.40625;4.32244600851506
"60";7.03125;3.72177237707199;0.78125;0.520833333333333;92.1875;4.1154897472081
"61";7.03125;3.72177237707199;0.78125;0.520833333333333;92.1875;4.1154897472081
"62";7.03125;3.72177237707199;0.78125;0.676582346706593;92.1875;4.07408537686511
"63";6.25;3.89880242411204;0.78125;0.295284744538459;92.1875;4.15502465825587
"64";6.25;3.89880242411204;0.78125;0;92.1875;3.89880242411204
"65";6.25;3.89880242411204;0.78125;0;92.1875;3.89880242411204
"66";6.25;3.89880242411204;0.78125;0.381210965995521;92.96875;3.7737960276535
"67";5.46875;2.16788076961119;0.78125;0;92.96875;2.16788076961119
"68";5.46875;2.16788076961119;0.78125;0;92.96875;2.16788076961119
"69";5.46875;2.16788076961119;0.78125;0;92.96875;2.16788076961119
"70";5.46875;2.16788076961119;0.78125;0;92.96875;2.16788076961119
"71";5.46875;2.16788076961119;0.78125;0;92.96875;2.16788076961119
"72";5.46875;2.16788076961119;0.78125;0;92.96875;2.16788076961119
"73";5.46875;2.16788076961119;0.78125;0;92.96875;2.16788076961119
"74";5.46875;2.16788076961119;0.78125;0.349385621484342;93.75;2.06699321176921
"75";5.46875;2.33287407124595;0.78125;0;93.75;2.33287407124595
"76";5.46875;2.33287407124595;0.78125;0;93.75;2.33287407124595
"77";5.46875;2.33287407124595;0.78125;0;93.75;2.33287407124595
"78";5.46875;2.33287407124595;0.78125;0.390625;93.75;2.42900496174188
"79";5.46875;2.81683693395624;0.78125;0;93.75;2.81683693395624
"80";5.46875;2.81683693395624;0.78125;0;93.75;2.81683693395624
"81";5.46875;2.81683693395624;0.78125;0;93.75;2.81683693395624
"82";5.46875;2.81683693395624;0.78125;0;93.75;2.81683693395624
"83";5.46875;2.81683693395624;0.78125;0;93.75;2.81683693395624
"84";5.46875;2.81683693395624;0.78125;0;93.75;2.81683693395624
"85";5.46875;2.81683693395624;0.78125;0;93.75;2.81683693395624
"86";5.46875;2.81683693395624;0.78125;0;93.75;2.81683693395624
"87";5.46875;2.81683693395624;0.78125;0.451054897804395;93.75;2.95776476343764
"88";6.25;3.86699020961393;0.78125;0;92.96875;3.86699020961393
"89";6.25;3.86699020961393;0.78125;0;92.96875;3.86699020961393
"90";6.25;3.86699020961393;0.78125;0;92.96875;3.86699020961393
