"allS";"sdAllS";"allI";"sdAllI";"allR";"sdAllR"
"1";100;0;0;0;0;0
"2";100;0;0;0;0;0
"3";99.0697674418605;0;0.930232558139535;0;0;0
"4";98.1395348837209;0.65950246185758;1.86046511627907;0.589780415241747;0;0.170394208619778
"5";95.8139534883721;2.19861487651945;3.72093023255814;2.17780158229825;0;0.353900423373341
"6";92.093023255814;4.79935285457536;6.97674418604651;4.69374631266314;0.465116279069767;0.353095188147092
"7";87.9069767441861;7.27020510503114;11.1627906976744;6.76592957988043;0.930232558139535;0.743497233239269
"8";82.7906976744186;9.61088615450446;15.3488372093023;8.82186389115242;1.86046511627907;1.34528718667887
"9";77.2093023255814;12.0328746127794;19.5348837209302;11.0004515473733;2.7906976744186;1.83752689258759
"10";73.0232558139535;13.9277404219296;22.3255813953488;12.2361132446762;4.65116279069767;2.59448970833566
"11";68.8372093023256;15.7377384381254;25.1162790697674;13.405710496774;6.04651162790698;3.17714003171618
"12";65.5813953488372;16.1639397987125;26.046511627907;13.0152755756144;7.90697674418605;4.09419144339758
"13";63.2558139534884;16.4868018925957;26.5116279069767;12.7006735129549;9.76744186046512;4.85572203611236
"14";61.8604651162791;16.4376088433396;26.046511627907;12.0558698640226;12.093023255814;5.53113848375497
"15";60.4651162790698;16.2229492520416;24.6511627906977;11.3441760598713;14.4186046511628;6.36569289678584
"16";60;15.9263054777682;23.2558139534884;10.5293554007082;16.7441860465116;7.07382477146043
"17";59.5348837209302;15.9453644327453;21.8604651162791;9.86672164734328;18.6046511627907;7.65347091040787
"18";59.0697674418605;15.9462212823626;20.4651162790698;9.16669793486213;20.4651162790698;8.51834048505236
"19";58.6046511627907;16.0089319237948;19.0697674418605;8.69236447657145;21.8604651162791;8.82428353164487
"20";58.6046511627907;16.0184772760656;17.6744186046512;8.09310063413536;23.2558139534884;9.31318215923312
"21";58.6046511627907;16.0629826948172;16.7441860465116;7.86333264129905;24.6511627906977;9.80557340881238
"22";58.6046511627907;16.108761168634;15.3488372093023;7.42328618357322;26.046511627907;9.9503764338785
"23";58.6046511627907;16.108761168634;14.4186046511628;6.89053220861897;26.9767441860465;10.3896640799814
"24";58.6046511627907;16.1223263543563;13.4883720930233;6.21532537865031;27.906976744186;10.8622066072604
"25";58.6046511627907;16.1315222844952;12.093023255814;5.93202027437494;29.3023255813954;11.0307108536205
"26";58.6046511627907;16.1315222844952;11.1627906976744;5.46278499196996;30.2325581395349;11.6249445430721
"27";58.1395348837209;16.1392668029475;10.2325581395349;5.29540659611602;31.1627906976744;11.9206956997824
"28";58.1395348837209;16.1392668029475;9.30232558139535;5.13355268080336;32.093023255814;12.1443220394535
"29";58.1395348837209;16.1490876459099;8.83720930232558;5.06685822675159;33.0232558139535;12.2947120425335
"30";58.1395348837209;16.1981552647635;7.90697674418605;4.91167612453614;33.4883720930233;12.6246933117609
"31";58.1395348837209;16.2373131185221;7.44186046511628;4.51703798077681;33.953488372093;12.7608419779014
"32";58.1395348837209;16.2373131185221;6.97674418604651;4.19955660206894;34.8837209302326;12.918445178907
"33";58.1395348837209;16.2373131185221;6.04651162790698;3.92487304137087;35.3488372093023;13.1043983797662
"34";58.1395348837209;16.2373131185221;5.58139534883721;3.53224149140489;35.8139534883721;13.4102961280463
"35";58.1395348837209;16.2373131185221;5.11627906976744;3.14472122508526;36.2790697674419;13.6460625738043
"36";58.1395348837209;16.2373131185221;4.65116279069767;2.91941037413783;36.7441860465116;13.8481540291508
"37";58.1395348837209;16.2373131185221;4.18604651162791;2.88251643024853;37.2093023255814;13.9465507028773
"38";58.1395348837209;16.2373131185221;4.18604651162791;2.66067994784461;37.6744186046512;14.1141303698823
"39";58.1395348837209;16.2373131185221;3.72093023255814;2.61329218865896;37.6744186046512;14.1111250696082
"40";56.7441860465116;15.5482433306209;3.72093023255814;2.3566535669436;39.0697674418605;13.5602599490214
"41";56.7441860465116;15.5482433306209;3.25581395348837;2.0509700085772;39.5348837209302;13.814393531715
"42";56.7441860465116;15.5482433306209;2.7906976744186;1.95690478586299;40;13.8759803888003
"43";56.7441860465116;15.5482433306209;2.7906976744186;1.8309918949259;40;14.030117344068
"44";56.7441860465116;15.5482433306209;2.7906976744186;1.72093390820048;40;14.0679830454612
"45";56.7441860465116;15.5482433306209;2.32558139534884;1.69052501058698;40.4651162790698;14.1199105801858
"46";56.2790697674419;15.7433623801522;2.32558139534884;1.38287989144716;41.3953488372093;14.6301936668396
"47";56.2790697674419;15.7433623801522;1.86046511627907;1.39205163458542;41.3953488372093;14.5972972172586
"48";54.8837209302326;14.556837046143;1.86046511627907;1.15179479396945;43.2558139534884;13.6244842398304
"49";54.8837209302326;14.556837046143;1.86046511627907;1.09079436274963;43.2558139534884;13.6973759661279
"50";54.8837209302326;14.556837046143;1.86046511627907;1.01448172086221;43.2558139534884;13.8658901051595
"51";54.8837209302326;14.556837046143;1.3953488372093;1.00344584940015;43.7209302325581;13.9154177403768
"52";54.8837209302326;14.556837046143;1.3953488372093;0.928520997245052;43.7209302325581;13.9457913107155
"53";54.8837209302326;14.556837046143;1.3953488372093;0.923367279380914;43.7209302325581;13.9910006479696
"54";54.8837209302326;14.556837046143;0.930232558139535;0.807577135055838;44.1860465116279;14.0587117816861
"55";54.8837209302326;14.556837046143;0.930232558139535;0.714569708712469;44.1860465116279;14.1678697660098
"56";54.8837209302326;14.556837046143;0.930232558139535;0.735413409341484;44.1860465116279;14.2099661541915
"57";54.8837209302326;14.556837046143;0.930232558139535;0.733247238481937;44.1860465116279;14.1861025766424
"58";53.0232558139535;12.8178359036371;0.930232558139535;0.662552656832298;46.046511627907;12.4779235374618
"59";51.6279069767442;12.4632814636125;0.930232558139535;0.517533618850406;47.4418604651163;12.3006287466497
"60";51.6279069767442;12.4632814636125;0.930232558139535;0.521499451703617;47.4418604651163;12.3023036004552
"61";51.6279069767442;12.4632814636125;0.465116279069767;0.423376274340837;47.4418604651163;12.2628000539288
"62";50.2325581395349;11.9082484785973;0.465116279069767;0.436099749710228;48.8372093023256;11.6991936984336
"63";48.8372093023256;10.7321008888487;0.465116279069767;0.449961824207835;50.2325581395349;10.5903197472773
"64";48.8372093023256;11.1946778530093;0.465116279069767;0.504011474163178;50.2325581395349;10.983108724486
"65";46.5116279069767;10.715074042211;0.930232558139535;0.49998497663867;52.093023255814;10.5846177334918
"66";46.046511627907;11.2451205958545;0.930232558139535;0.465116279069767;52.5581395348837;11.1177493540769
"67";46.046511627907;11.2451205958545;0.465116279069767;0.402802513388111;53.0232558139535;11.2875244691344
"68";47.4418604651163;11.4011104832086;0.930232558139535;0.351594858613235;51.6279069767442;11.3630976251243
"69";47.4418604651163;11.4011104832086;0.465116279069767;0.42610482851763;51.6279069767442;11.4307200715278
"70";48.8372093023256;11.3099382371534;0.465116279069767;0.442413828470392;50.2325581395349;11.1941236152205
"71";48.8372093023256;12.3467713129082;0.465116279069767;0.480370027436579;50.6976744186047;12.3268976918902
"72";50.6976744186047;12.4178207225788;0.930232558139535;0.416012646976705;48.3720930232558;12.2220310171822
"73";50.6976744186047;12.4178207225788;0.465116279069767;0.25475467790938;48.3720930232558;12.3951524920092
"74";50.6976744186047;12.4178207225788;0.465116279069767;0.25475467790938;48.3720930232558;12.3951524920092
"75";50.6976744186047;12.4178207225788;0.465116279069767;0.25475467790938;48.3720930232558;12.3951524920092
"76";50.6976744186047;12.4178207225788;0.465116279069767;0.389144198387942;48.3720930232558;12.3960251135381
"77";50.6976744186047;14.337732690045;0.930232558139535;0.268535008925407;48.3720930232558;14.3125632987595
"78";50.6976744186047;14.337732690045;0.930232558139535;0.268535008925407;48.3720930232558;14.3125632987595
"79";50.6976744186047;14.337732690045;0.930232558139535;0.268535008925407;48.3720930232558;14.3125632987595
"80";50.6976744186047;14.337732690045;0.465116279069767;0.232558139534884;48.3720930232558;14.5133173335816
"81";50.6976744186047;14.337732690045;0.465116279069767;0.232558139534884;48.3720930232558;14.5133173335816
"82";50.6976744186047;14.337732690045;0.465116279069767;0;48.3720930232558;14.337732690045
"83";50.6976744186047;14.337732690045;0.465116279069767;0;48.3720930232558;14.337732690045
"84";50.6976744186047;14.337732690045;0.465116279069767;0;48.3720930232558;14.337732690045
"85";50.6976744186047;14.337732690045;0.465116279069767;0.232558139534884;48.8372093023256;14.3358465185325
"86";50.6976744186047;17.5577545006296;0.465116279069767;0;48.8372093023256;17.5577545006296
"87";50.6976744186047;17.5577545006296;0.465116279069767;0;48.8372093023256;17.5577545006296
"88";50.6976744186047;17.5577545006296;0.465116279069767;0.268535008925407;48.8372093023256;17.3428715557271
"89";42.7906976744186;14.7999093736719;0.465116279069767;0;56.7441860465116;14.7999093736719
"90";42.7906976744186;14.7999093736719;0.465116279069767;0;56.7441860465116;14.7999093736719
"91";42.7906976744186;14.7999093736719;0.465116279069767;0;56.7441860465116;14.7999093736719
"92";42.7906976744186;14.7999093736719;0.465116279069767;0;56.7441860465116;14.7999093736719
"93";42.7906976744186;14.7999093736719;0.465116279069767;0;56.7441860465116;14.7999093736719
"94";42.7906976744186;14.7999093736719;0;0.328886874970487;57.2093023255814;15.1287962486424
"95";53.0232558139535;NA;0.465116279069767;NA;46.5116279069767;NA
"96";53.0232558139535;NA;0.465116279069767;NA;46.5116279069767;NA
"97";53.0232558139535;NA;0.465116279069767;NA;46.5116279069767;NA
"98";53.0232558139535;NA;0.465116279069767;NA;46.5116279069767;NA
"99";53.0232558139535;NA;0.465116279069767;NA;46.5116279069767;NA
