"allS";"sdAllS";"allI";"sdAllI";"allR";"sdAllR"
"1";100;0;0;0;0;0
"2";100;0;0;0;0;0
"3";99.21875;0;0.78125;0;0;0
"4";97.65625;1.65970267604226;2.34375;1.68896135554557;0;0.286209022291034
"5";87.5;11.2234482931973;12.5;11.2454637788537;0;0.252641276079514
"6";60.15625;21.6246050215225;38.28125;20.802817341145;0.78125;1.16995860460487
"7";35.9375;24.6642966453465;60.15625;22.6373249114713;3.90625;2.78317792977502
"8";21.875;20.6911990484037;69.53125;17.373063504615;8.59375;4.68127267110469
"9";14.0625;11.6158549502275;71.875;7.70695013383046;14.0625;5.96263184471631
"10";10.15625;5.30673549167325;70.3125;4.38475475012571;19.53125;6.76648675057981
"11";7.8125;3.85769454662672;66.40625;5.32109288297146;25;6.76847621112671
"12";6.25;3.37693661247154;61.71875;5.64640535051753;32.03125;6.52162790813388
"13";6.25;3.03982616955058;57.03125;5.58004529065599;36.71875;6.12048422499703
"14";5.46875;2.82717398496597;54.6875;5.24121247342979;39.84375;5.83827389201152
"15";4.6875;2.76294813747671;50.78125;5.32909928344313;43.75;5.88230806221391
"16";4.6875;3.01908637260939;46.875;5.66782487870775;47.65625;6.14609458826982
"17";4.6875;2.92316983341714;42.96875;5.4531355342895;51.5625;6.1314731934926
"18";4.6875;2.83351650327938;39.84375;5.03374270320028;54.6875;5.62530317299818
"19";4.6875;2.83351650327938;37.5;4.86278060041156;57.8125;5.12387479801879
"20";4.6875;2.83351650327938;33.59375;4.97364954513224;61.71875;5.19692761548831
"21";4.6875;2.83351650327938;31.25;4.92468261425068;64.0625;5.38272679059655
"22";4.6875;2.83351650327938;28.125;4.42347748192395;67.1875;4.52081868531331
"23";4.6875;2.83351650327938;25;3.74194907827615;69.53125;4.29217239325271
"24";4.6875;2.83351650327938;23.4375;4.01670580127867;71.875;4.62921406661438
"25";4.6875;2.83351650327938;21.875;4.02674897634236;73.4375;4.63889862545637
"26";4.6875;2.83351650327938;20.3125;3.53852833668491;75;4.23374411948827
"27";4.6875;2.83351650327938;18.75;3.8096982985427;76.5625;4.54655598233998
"28";4.6875;2.83351650327938;17.1875;3.71063514635139;78.125;4.17879620444578
"29";4.6875;2.83351650327938;16.40625;3.62374590058713;78.90625;4.18845073299651
"30";4.6875;2.83351650327938;14.84375;3.51626321821348;80.46875;3.90682440629676
"31";4.6875;2.83351650327938;13.28125;3.48292080080606;82.03125;3.66683595099973
"32";4.6875;2.83351650327938;12.5;3.49321390282129;82.8125;3.60263049193184
"33";4.6875;2.83351650327938;10.9375;3.8675704467257;83.59375;3.75212964191328
"34";4.6875;2.83351650327938;10.15625;3.41065722707343;85.15625;3.41525956181085
"35";4.6875;2.83351650327938;9.375;3.24477494645237;85.9375;3.22396155049097
"36";4.6875;2.83351650327938;8.59375;3.09976599604534;85.9375;3.21210742873454
"37";4.6875;2.83351650327938;7.8125;3.22256921116864;86.71875;3.42510088341656
"38";4.6875;2.83351650327938;7.8125;2.98093956485841;87.5;3.32065039370667
"39";4.6875;2.83351650327938;7.03125;2.93771877118702;87.5;3.40275302820464
"40";4.6875;2.83351650327938;7.03125;2.93466183095096;88.28125;3.41394524213093
"41";4.6875;2.83351650327938;6.25;2.88997284972554;89.0625;3.20371340542491
"42";4.6875;2.83351650327938;5.46875;2.88297626766619;89.0625;3.20020939758934
"43";4.6875;2.83351650327938;5.46875;2.82717398496597;89.84375;3.13861350019154
"44";4.6875;2.83351650327938;4.6875;2.57983037402299;90.625;3.13718328207207
"45";4.6875;2.83351650327938;4.6875;2.4385323158078;90.625;2.77752843996863
"46";4.6875;2.83351650327938;3.90625;2.50480638616423;91.40625;2.734375
"47";4.6875;2.91620159982696;3.90625;2.25471059990477;91.40625;2.60237568622203
"48";4.6875;3.00649563396054;3.90625;1.75853573084731;91.40625;2.65427973146335
"49";4.6875;3.00649563396054;3.90625;1.88304326411366;91.40625;2.70095434798164
"50";4.6875;3.00649563396054;3.125;1.71333019935557;92.1875;2.62454821792519
"51";4.6875;3.00649563396054;3.125;1.51911493753843;92.1875;2.53670048101015
"52";4.6875;3.00649563396054;3.125;1.48231765320393;92.1875;2.62233247399461
"53";4.6875;3.00649563396054;2.34375;1.41202517830479;92.1875;2.53784597688295
"54";4.6875;3.00649563396054;2.34375;1.38080484638834;92.96875;2.45637154370309
"55";3.90625;2.88157320122377;2.34375;1.18113897815384;92.96875;2.6487146672936
"56";3.90625;2.88157320122377;2.34375;1.05517229141048;92.96875;2.66889564224153
"57";3.90625;2.88157320122377;1.5625;0.90643648611769;93.75;2.72669889985185
"58";3.90625;2.88157320122377;1.5625;1.03592741270593;93.75;2.61302294440118
"59";3.90625;2.93118951881183;1.5625;0.810741440098079;93.75;2.84997733206235
"60";3.90625;2.93118951881183;1.5625;0.84384644510519;93.75;2.89627717498843
"61";3.90625;2.93118951881183;1.5625;0.977063172937276;94.53125;3.02835326168598
"62";3.90625;2.69520098858039;1.5625;0.889203410905463;94.53125;2.89136072741894
"63";3.90625;2.69520098858039;1.5625;0.693457316092652;94.53125;2.88735994962408
"64";3.90625;2.69520098858039;1.5625;0.623221902513645;94.53125;2.98809362960722
"65";3.90625;2.67124776662177;1.5625;0.526718642549408;94.53125;2.84623081101049
"66";3.90625;2.67124776662177;1.5625;0.537149727306507;94.53125;2.90985236172653
"67";3.90625;2.67124776662177;0.78125;0.526718642549408;94.53125;2.73082155470407
"68";3.90625;2.67124776662177;0.78125;0.547382070113571;95.3125;2.77316239832794
"69";3.90625;2.64294051174277;0.78125;0.390625;95.3125;2.58456161995823
"70";3.125;2.49685907602646;0.78125;0.417595690488163;95.3125;2.63284065001907
"71";3.125;2.66302532264483;0.78125;0.295284744538459;95.3125;2.73835806838958
"72";3.125;2.66302532264483;0.78125;0.295284744538459;95.3125;2.73835806838958
"73";3.125;2.66302532264483;0.78125;0.451054897804395;95.3125;2.66302532264483
"74";3.125;2.75106513463422;0.78125;0.58810363492897;96.09375;2.9817424034307
"75";3.125;3.46461841032554;0.78125;0.390625;95.3125;3.57302675364902
"76";3.125;3.46461841032554;0.78125;0;95.3125;3.46461841032554
"77";3.125;3.46461841032554;0.78125;0;95.3125;3.46461841032554
"78";3.125;3.46461841032554;0.78125;0;95.3125;3.46461841032554
"79";3.125;3.46461841032554;0.78125;0;95.3125;3.46461841032554
"80";3.125;3.46461841032554;0.78125;0;95.3125;3.46461841032554
"81";3.125;3.46461841032554;0.78125;0.390625;95.3125;3.14931943292912
"82";2.34375;2.38675817445617;0.78125;0;96.875;2.38675817445617
"83";2.34375;2.38675817445617;0.78125;0;96.875;2.38675817445617
"84";2.34375;2.38675817445617;0.78125;0;96.875;2.38675817445617
"85";2.34375;2.38675817445617;0.78125;0.451054897804395;96.875;2.74365983147207
"86";3.125;2.20970869120796;0.78125;0;96.09375;2.20970869120796
