"allS";"sdAllS";"allI";"sdAllI";"allR";"sdAllR"
"1";100;0;0;0;0;0
"2";100;0;0;0;0;0
"3";98.3333333333333;0;1.66666666666667;0;0;0
"4";96.6666666666667;1.42040271037798;3.33333333333333;1.4584899665257;0;0.372677996249965
"5";93.3333333333333;5.9603956067927;6.66666666666667;6.05530070819498;0;0.512989176042577
"6";83.3333333333333;14.0955386745706;16.6666666666667;14.0996868614393;0;0.997071736026865
"7";68.3333333333333;21.0504476206384;30;19.5973727204403;1.66666666666667;1.94965883955201
"8";51.6666666666667;26.3251153066123;45;24.3992138690348;3.33333333333333;3.50855262472545
"9";36.6666666666667;28.6911105494612;56.6666666666667;26.1512693552127;6.66666666666667;4.67902498965342
"10";23.3333333333333;24.9471663944247;63.3333333333333;20.4417586590788;11.6666666666667;6.90103390846965
"11";16.6666666666667;22.4494233375188;66.6666666666667;17.6747747034782;16.6666666666667;7.7535126919563
"12";11.6666666666667;20.4043554002141;65;15.5503332921541;21.6666666666667;8.44443482609486
"13";10;20.1200708612566;61.6666666666667;15.3459139846212;28.3333333333333;9.8300619000627
"14";6.66666666666667;17.7169096878911;60;12.8520597024948;31.6666666666667;10.9544511501033
"15";6.66666666666667;13.0392457536685;58.3333333333333;9.70922272110148;35;11.448779908947
"16";5;7.42358734863455;55;8.46863839453014;40;11.6025808784484
"17";3.33333333333333;4.04289861853672;51.6666666666667;9.29495555828049;45;11.6663533792523
"18";1.66666666666667;2.04303123035042;48.3333333333333;10.3091823034653;48.3333333333333;10.6155573795977
"19";1.66666666666667;1.55550334081122;45;10.1289204380213;53.3333333333333;10.4279763165477
"20";1.66666666666667;1.32453235706504;41.6666666666667;8.76054085221865;56.6666666666667;9.12029739435088
"21";1.66666666666667;1.32453235706504;38.3333333333333;8.3993003050275;58.3333333333333;8.74049191009347
"22";1.66666666666667;1.31344820942069;35;8.32938502956612;61.6666666666667;8.54768187856076
"23";1.66666666666667;1.31344820942069;33.3333333333333;7.15073709037554;65;7.36029731792046
"24";1.66666666666667;1.31344820942069;30;7.88949631134863;66.6666666666667;8.02545293032375
"25";1.66666666666667;1.31344820942069;28.3333333333333;7.10149889457906;70;7.17930342448477
"26";1.66666666666667;1.31344820942069;26.6666666666667;7.30446871154191;71.6666666666667;7.40386733146862
"27";1.66666666666667;1.31344820942069;23.3333333333333;7.51752338837312;75;7.75115535625013
"28";1.66666666666667;1.31344820942069;20;6.99780667392391;76.6666666666667;7.34040727394389
"29";1.66666666666667;1.31344820942069;20;6.44987419977959;78.3333333333333;6.69893506418386
"30";1.66666666666667;1.31344820942069;18.3333333333333;5.97509450853833;80;6.19847179807886
"31";1.66666666666667;1.31344820942069;16.6666666666667;6.03292622451239;81.6666666666667;6.24722160466377
"32";1.66666666666667;1.31344820942069;16.6666666666667;5.9603956067927;81.6666666666667;6.12730443581211
"33";1.66666666666667;1.31344820942069;15;5.73475604542903;83.3333333333333;5.9548741645638
"34";1.66666666666667;1.31344820942069;13.3333333333333;5.3119087218255;83.3333333333333;5.57773351022717
"35";1.66666666666667;1.35454616814541;13.3333333333333;5.08983622020768;85;5.41481074817915
"36";1.66666666666667;1.35454616814541;11.6666666666667;5.06968977216209;86.6666666666667;5.60583968701311
"37";1.66666666666667;1.35454616814541;11.6666666666667;5.16114589026359;86.6666666666667;5.70920565751192
"38";1.66666666666667;1.35454616814541;10;5.55343526790885;88.3333333333333;5.91360805548678
"39";1.66666666666667;1.35454616814541;10;5.11490769239821;88.3333333333333;5.39113415575796
"40";1.66666666666667;1.35454616814541;8.33333333333333;3.95423379585486;90;4.38964757673702
"41";1.66666666666667;1.35454616814541;8.33333333333333;3.94034462826206;90;4.3754698995771
"42";1.66666666666667;1.35454616814541;6.66666666666667;3.4571309471822;90;4.07890020723538
"43";1.66666666666667;1.35454616814541;6.66666666666667;3.62334858532273;91.6666666666667;4.35537578695731
"44";1.66666666666667;1.35454616814541;6.66666666666667;3.87675634597815;91.6666666666667;4.57155584096022
"45";1.66666666666667;1.34883773037085;6.66666666666667;3.43414797579954;91.6666666666667;4.05853851685401
"46";1.66666666666667;1.34883773037085;5;3.24943139925334;91.6666666666667;4.00008122074785
"47";1.66666666666667;1.34883773037085;5;3.13752363830086;93.3333333333333;3.88888888888889
"48";1.66666666666667;1.33727630494184;5;2.94589309535606;91.6666666666667;3.58145185443291
"49";1.66666666666667;1.33727630494184;5;3.01894285748523;93.3333333333333;3.67156535511255
"50";1.66666666666667;1.33727630494184;5;3.10784141907679;93.3333333333333;3.78358838025852
"51";1.66666666666667;1.33727630494184;3.33333333333333;2.4790333581266;93.3333333333333;3.15998032774734
"52";1.66666666666667;1.37822705093231;3.33333333333333;2.2460931949772;93.3333333333333;3.01819103507101
"53";1.66666666666667;1.37822705093231;3.33333333333333;2.12459146399699;95;3.03169531295416
"54";1.66666666666667;1.36082763487954;3.33333333333333;1.92450089729875;95;2.78886675511359
"55";1.66666666666667;1.36082763487954;3.33333333333333;2.03840442321748;95;2.80335447210949
"56";1.66666666666667;1.3313477278633;3.33333333333333;1.83297254747265;95;2.37379877725991
"57";1.66666666666667;1.30744090092123;3.33333333333333;1.54797121944011;95;2.1290765681316
"58";1.66666666666667;1.26592420885458;3.33333333333333;1.42475069044185;95;2.20882715007702
"59";1.66666666666667;1.26592420885458;3.33333333333333;1.27991274631384;95;2.10987368142431
"60";1.66666666666667;1.26592420885458;3.33333333333333;1.46176336551172;95;2.31894218933825
"61";1.66666666666667;1.23091490979333;3.33333333333333;1.29749824026921;95;2.05152484965555
"62";1.66666666666667;1.23091490979333;3.33333333333333;1.32954005869578;95;2.1904291355759
"63";1.66666666666667;1.16774841624228;1.66666666666667;1.14591941825388;95;2.02259958738973
"64";1.66666666666667;1.16774841624228;1.66666666666667;1.14591941825388;95;2.02259958738973
"65";1.66666666666667;1.16774841624228;1.66666666666667;1.34839972492648;95;2.15556596894288
"66";1.66666666666667;1.22977464562104;1.66666666666667;1.12491426285092;95;1.95631298462878
"67";1.66666666666667;1.22977464562104;1.66666666666667;1.31468439624436;95;2.22915584974876
"68";1.66666666666667;1.11111111111111;1.66666666666667;1.38888888888889;95;2.06005513530435
"69";1.66666666666667;1.17851130197758;1.66666666666667;1.24003968190474;95;1.97955823194237
"70";1.66666666666667;1.17851130197758;1.66666666666667;1.24003968190474;95;1.97955823194237
"71";1.66666666666667;1.17851130197758;1.66666666666667;1.4773421007132;95;2.18217890235992
"72";1.66666666666667;1.25988157669742;1.66666666666667;1.31132632078241;95;2.08927723509336
"73";1.66666666666667;1.25988157669742;1.66666666666667;0.813250060790444;95;1.62650012158089
"74";1.66666666666667;1.25988157669742;1.66666666666667;1.15010926557059;95;1.62650012158089
"75";1.66666666666667;1.25462108784847;1.66666666666667;0.680413817439772;95;1.72132593164774
"76";1.66666666666667;1.25462108784847;1.66666666666667;0.680413817439772;95;1.72132593164774
"77";1.66666666666667;1.25462108784847;1.66666666666667;0.680413817439772;96.6666666666667;1.49071198499986
"78";1.66666666666667;1.39443337755679;1.66666666666667;0.74535599249993;96.6666666666667;1.66666666666667
"79";1.66666666666667;1.59571184626056;1.66666666666667;0;95;1.59571184626056
"80";1.66666666666667;1.59571184626056;1.66666666666667;0.833333333333333;96.6666666666667;1.92450089729875
"81";1.66666666666667;1.92450089729875;1.66666666666667;0.962250448649376;96.6666666666667;2.88675134594813
"82";3.33333333333333;0;1.66666666666667;0;95;0
"83";3.33333333333333;0;1.66666666666667;0;95;0
