"allS";"sdAllS";"allI";"sdAllI";"allR";"sdAllR"
"1";100;0;0;0;0;0
"2";100;0;0;0;0;0
"3";98.5714285714286;0;1.42857142857143;0;0;0
"4";94.2857142857143;2.83733737000647;5.71428571428571;2.83733737000647;0;0
"5";87.1428571428571;7.64968776347278;12.8571428571429;7.54898076787371;0;0.634659511884742
"6";70;14.6368500423483;27.1428571428571;13.2147429305173;1.42857142857143;2.35765544665792
"7";45.7142857142857;19.1117185863924;50;16.3203364995531;4.28571428571429;4.43111738604797
"8";22.8571428571429;13.6701985603297;67.1428571428571;10.9279448441929;10;5.56187729591186
"9";8.57142857142857;5.80935946190971;74.2857142857143;4.8919583719827;17.1428571428571;6.42063001549835
"10";4.28571428571429;3.03576957048288;71.4285714285714;6.50992797127528;22.8571428571429;6.44692451177924
"11";1.42857142857143;1.87699052951939;67.1428571428571;6.3279510549816;31.4285714285714;5.60036825549957
"12";1.42857142857143;1.63704430938552;60;6.52969750575391;38.5714285714286;5.61951486949016
"13";1.42857142857143;1.70926583318891;52.8571428571429;5.90426669440931;44.2857142857143;5.08309047801961
"14";1.42857142857143;1.26082850022584;47.1428571428571;5.41708321403669;51.4285714285714;5.21503239066265
"15";1.42857142857143;1.26082850022584;42.8571428571429;5.79408565447807;55.7142857142857;5.74942205099918
"16";0;1.08450664930893;40;5.09575337614193;58.5714285714286;4.85227531422392
"17";0;1.08450664930893;35.7142857142857;4.46973351810582;62.8571428571429;4.1058759078909
"18";0;1.07705290703579;31.4285714285714;4.55306461870757;67.1428571428571;4.29572765049892
"19";0;1.07705290703579;28.5714285714286;4.61399356602093;70;4.39949220778475
"20";0;0.95831484749991;25.7142857142857;5.75689004836822;72.8571428571428;5.60994973086339
"21";0;0.912380533797864;22.8571428571429;5.75922181161681;75.7142857142857;5.50900054485588
"22";0;0.912380533797864;21.4285714285714;5.82413217352173;77.1428571428572;5.62476876240302
"23";0;0.912380533797864;20;5.61760314469612;78.5714285714286;5.2901830327382
"24";0;0.912380533797864;18.5714285714286;4.74030187529846;80;4.40863813728955
"25";0;0.912380533797864;17.1428571428571;4.34483037878444;82.8571428571429;4.01393919249297
"26";0;0.912380533797864;15.7142857142857;4.20921703596452;82.8571428571429;3.94919399246456
"27";0;0.912380533797864;14.2857142857143;3.59316692486535;85.7142857142857;3.42088737930218
"28";0;0.912380533797864;11.4285714285714;3.56841978524037;87.1428571428571;3.38696560106745
"29";0;0.912380533797864;10;3.24028747846113;88.5714285714286;2.98582400776914
"30";0;0.912380533797864;10;3.01802675592231;90;2.752793718128
"31";0;0.912380533797864;8.57142857142857;2.79154008134913;91.4285714285714;2.61779418627947
"32";0;0.912380533797864;7.14285714285714;2.73714160139359;91.4285714285714;2.55970594444349
"33";0;0.912380533797864;7.14285714285714;2.41281932599451;92.8571428571429;2.33936104453123
"34";0;0.912380533797864;5.71428571428571;2.69860926110952;92.8571428571429;2.752793718128
"35";0;0.912380533797864;5.71428571428571;2.69860926110952;92.8571428571429;2.79154008134913
"36";0;0.912380533797864;5.71428571428571;2.67863408448022;94.2857142857143;2.82975596067797
"37";0;0.912380533797864;4.28571428571429;2.55024692892595;94.2857142857143;2.7963456281691
"38";0;0.933394709249929;4.28571428571429;2.49596882296208;94.2857142857143;2.69595445548792
"39";0;0.955875940098126;4.28571428571429;2.01369196141305;94.2857142857143;2.31130630915547
"40";0;0.955875940098126;2.85714285714286;1.97354789398415;95.7142857142857;2.3907362006641
"41";0;0.979991915100051;2.85714285714286;1.59248686203758;95.7142857142857;1.81695363953274
"42";0;0.979991915100051;2.85714285714286;1.38049350049972;95.7142857142857;1.71498585142509
"43";0;0.979991915100051;2.85714285714286;1.32502916228752;95.7142857142857;1.6929697157904
"44";0;0.979991915100051;2.85714285714286;1.26120428737846;95.7142857142857;1.66616639150406
"45";0;0.979991915100051;2.85714285714286;1.29060693726115;95.7142857142857;1.63434036460309
"46";0;0.979991915100051;2.85714285714286;1.21267812518166;97.1428571428571;1.59719141249985
"47";0;0.979991915100051;2.85714285714286;1.24322896012718;97.1428571428571;1.66616639150406
"48";0;0.979991915100051;1.42857142857143;1.34748888326257;97.1428571428571;1.78781389171372
"49";0;1.0059347702037;1.42857142857143;1.40152977645347;97.1428571428571;1.64957219768464
"50";0;0.855920985021826;1.42857142857143;1.32401242285185;97.1428571428571;1.71184197004365
"51";0;0.887973657868659;1.42857142857143;1.3391955236587;97.1428571428571;1.54803524207262
"52";0;0.923813986689805;1.42857142857143;1.29219147676184;97.1428571428571;1.47960783050661
"53";0;0.923813986689805;1.42857142857143;1.40235688173435;97.1428571428571;1.61164592805076
"54";0;0.96421222530079;1.42857142857143;1.05409255338946;97.1428571428571;1.38013111868471
"55";0;1.01015254455221;1.42857142857143;0.476190476190476;97.1428571428571;1.0378330817954
"56";0;1.01015254455221;1.42857142857143;0.476190476190476;97.1428571428571;1.0378330817954
"57";0;1.01015254455221;1.42857142857143;0.476190476190476;97.1428571428571;1.0378330817954
"58";0;1.01015254455221;1.42857142857143;0.714285714285714;97.1428571428571;1.23717914826348
"59";0;1.06289115591835;1.42857142857143;0.505076272276105;97.1428571428571;1.07989849431208
"60";0;1.06289115591835;1.42857142857143;0.763603548321213;97.1428571428571;1.30875054473272
"61";0;1.12399398924206;1.42857142857143;0.539949247156039;97.1428571428571;1.12399398924206
"62";0;1.12399398924206;1.42857142857143;0.539949247156039;97.1428571428571;1.12399398924206
"63";0;1.12399398924206;1.42857142857143;0.539949247156039;97.1428571428571;1.12399398924206
"64";0;1.12399398924206;1.42857142857143;0.539949247156039;97.1428571428571;1.35884247315906
"65";0;1.19522860933439;1.42857142857143;0;97.1428571428571;1.19522860933439
"66";0;1.19522860933439;1.42857142857143;0;97.1428571428571;1.19522860933439
"67";0;1.19522860933439;1.42857142857143;0;97.1428571428571;1.19522860933439
"68";0;1.19522860933439;1.42857142857143;0.583211843519804;97.1428571428571;1.47542222712663
"69";1.42857142857143;1.27775312999988;1.42857142857143;0.63887656499994;97.1428571428571;1.27775312999988
"70";0;1.42857142857143;0;0.824786098842322;98.5714285714286;1.16642368703961
"71";0;0;1.42857142857143;0;98.5714285714286;0
"72";0;0;1.42857142857143;0;98.5714285714286;0
"73";0;0;1.42857142857143;0;98.5714285714286;0
"74";0;0;0;1.01015254455221;98.5714285714286;1.01015254455221
"75";0;NA;1.42857142857143;NA;98.5714285714286;NA
"76";0;NA;1.42857142857143;NA;98.5714285714286;NA
"77";0;NA;1.42857142857143;NA;98.5714285714286;NA
"78";0;NA;1.42857142857143;NA;98.5714285714286;NA
"79";0;NA;1.42857142857143;NA;98.5714285714286;NA
"80";0;NA;1.42857142857143;NA;98.5714285714286;NA
"81";0;NA;1.42857142857143;NA;98.5714285714286;NA
"82";0;NA;1.42857142857143;NA;98.5714285714286;NA
"83";0;NA;1.42857142857143;NA;98.5714285714286;NA
"84";0;NA;1.42857142857143;NA;98.5714285714286;NA
