"allS";"sdAllS";"allI";"sdAllI";"allR";"sdAllR"
"1";100;0;0;0;0;0
"2";100;0;0;0;0;0
"3";98.3333333333333;0;1.66666666666667;0;0;0
"4";96.6666666666667;2.1964884255349;3.33333333333333;2.12717037426944;0;0.372677996249965
"5";88.3333333333333;7.67533834520995;11.6666666666667;7.50438468321582;0;0.610579247554205
"6";71.6666666666667;18.4047651470199;26.6666666666667;18.015587792486;0;1.37596324580316
"7";53.3333333333333;23.9480431753792;43.3333333333333;22.5656935704576;1.66666666666667;1.78525474454599
"8";35;24.1115523984734;58.3333333333333;20.5086987677473;6.66666666666667;5.41008371912609
"9";21.6666666666667;20.8720692518447;65;16.5952416910278;11.6666666666667;7.2401374740591
"10";13.3333333333333;13.8190054736476;70;10.0277393043275;16.6666666666667;8.70907304001834
"11";8.33333333333333;8.18999532306416;70;6.77273084072707;21.6666666666667;8.58863317897795
"12";5;4.47458711218827;66.6666666666667;7.29295101470756;28.3333333333333;8.71033197076527
"13";3.33333333333333;3.38123476529088;61.6666666666667;7.84722545670895;33.3333333333333;8.20960783586606
"14";3.33333333333333;2.2685234912624;58.3333333333333;8.64293308996783;38.3333333333333;8.25887790970937
"15";1.66666666666667;2.12200941953804;55;8.19356472629445;41.6666666666667;7.63954011046576
"16";1.66666666666667;2.15618246143909;50;8.06180439222384;46.6666666666667;7.39201006935847
"17";1.66666666666667;2.05729340162041;46.6666666666667;8.33333333333333;51.6666666666667;7.63714759526179
"18";1.66666666666667;2.02325659555628;41.6666666666667;7.25224304886192;55;6.59778006259575
"19";1.66666666666667;2.02325659555628;38.3333333333333;6.76246953058177;58.3333333333333;6.07939670752661
"20";1.66666666666667;2.05729340162041;35;6.86705415360459;61.6666666666667;6.39581368932351
"21";1.66666666666667;2.05729340162041;33.3333333333333;5.60062131056256;65;5.11276352643001
"22";1.66666666666667;2.05729340162041;30;5.41008371912609;68.3333333333333;5.08049244746727
"23";1.66666666666667;2.05729340162041;28.3333333333333;6.00864387109027;70;5.55409337483394
"24";1.66666666666667;2.05729340162041;25;5.81387732848254;71.6666666666667;5.30571246821024
"25";1.66666666666667;2.05729340162041;23.3333333333333;5.98426298793527;75;5.61691263972827
"26";1.66666666666667;2.08727696921104;21.6666666666667;5.48522736978565;76.6666666666667;5.12989176042577
"27";1.66666666666667;2.08727696921104;20;5.11490769239821;78.3333333333333;4.8206124189326
"28";1.66666666666667;2.08727696921104;18.3333333333333;4.3929768510698;80;4.25434074853888
"29";1.66666666666667;2.08727696921104;16.6666666666667;4.22329933937218;81.6666666666667;3.89556653087728
"30";1.66666666666667;2.08727696921104;15;4.75957022975077;83.3333333333333;4.40875657106672
"31";1.66666666666667;2.08727696921104;13.3333333333333;4.42200108177864;83.3333333333333;4.05643665827202
"32";1.66666666666667;2.08727696921104;13.3333333333333;4.26120813113395;85;4.0247770633113
"33";1.66666666666667;2.08727696921104;11.6666666666667;3.91708657696789;86.6666666666667;3.79577327258124
"34";1.66666666666667;2.08727696921104;10;4.09231914974771;86.6666666666667;3.85690692059739
"35";1.66666666666667;2.08727696921104;10;3.94683232227022;88.3333333333333;3.81881307912987
"36";1.66666666666667;2.08727696921104;10;3.68337500968722;88.3333333333333;3.60717284121966
"37";1.66666666666667;2.08727696921104;8.33333333333333;3.4571309471822;88.3333333333333;3.59804202765178
"38";1.66666666666667;2.08727696921104;8.33333333333333;3.17496604024754;90;3.4316637057663
"39";1.66666666666667;2.08727696921104;8.33333333333333;3.07199194382472;90;3.17496604024754
"40";1.66666666666667;2.08727696921104;6.66666666666667;3.03488489333442;90;3.1715106072917
"41";1.66666666666667;2.08727696921104;6.66666666666667;3.0240265941465;90;3.19333186829253
"42";1.66666666666667;2.08727696921104;6.66666666666667;3.17496604024754;91.6666666666667;3.44017373422294
"43";1.66666666666667;2.08727696921104;6.66666666666667;2.97528808374694;91.6666666666667;3.23879083638807
"44";1.66666666666667;2.08727696921104;6.66666666666667;2.89181138724765;91.6666666666667;3.20361637758594
"45";1.66666666666667;2.08727696921104;5;2.61993035932624;91.6666666666667;2.97528808374694
"46";1.66666666666667;2.08727696921104;5;2.77177714436275;91.6666666666667;3.03368033488517
"47";1.66666666666667;2.08727696921104;5;2.5520889276702;93.3333333333333;2.90568106579858
"48";1.66666666666667;2.08727696921104;5;2.65457786205848;93.3333333333333;3.03006378640906
"49";1.66666666666667;2.11357197292412;5;2.24766140830148;93.3333333333333;2.74246560759418
"50";1.66666666666667;2.11357197292412;3.33333333333333;2.24766140830148;93.3333333333333;2.7395023807887
"51";1.66666666666667;2.11357197292412;3.33333333333333;2.04720129406015;93.3333333333333;2.73653594528869
"52";1.66666666666667;2.11357197292412;3.33333333333333;1.79794843738517;95;2.71568016865528
"53";1.66666666666667;2.11357197292412;3.33333333333333;1.80696076672285;95;2.82417393489758
"54";1.66666666666667;2.13896315973249;3.33333333333333;1.40028008402801;95;2.55654996282457
"55";1.66666666666667;2.13896315973249;3.33333333333333;1.16300389864538;95;2.36663137842298
"56";1.66666666666667;2.13896315973249;3.33333333333333;1.17465364415761;95;2.37237796246817
"57";1.66666666666667;2.13896315973249;3.33333333333333;1.30984207998896;95;2.37429039966909
"58";1.66666666666667;2.16270376651527;3.33333333333333;1.1957167566324;95;2.50815662852275
"59";1.66666666666667;2.16270376651527;1.66666666666667;1.03057823733474;95;2.27769806970371
"60";1.66666666666667;2.16270376651527;1.66666666666667;1.1698136827237;95;2.41269111810288
"61";1.66666666666667;2.19426862868128;1.66666666666667;1.32200044825453;95;2.08333333333333
"62";1.66666666666667;1.37570050975926;1.66666666666667;1.28388147753274;96.6666666666667;2.05242642071627
"63";1.66666666666667;1.29749824026921;1.66666666666667;0.648749120134603;96.6666666666667;1.71642883514812
"64";1.66666666666667;1.29749824026921;1.66666666666667;0.648749120134603;96.6666666666667;1.71642883514812
"65";1.66666666666667;1.29749824026921;1.66666666666667;1.11426320570254;96.6666666666667;2.06685401562024
"66";1.66666666666667;1.38888888888889;1.66666666666667;0.734930919740164;96.6666666666667;1.86338998124982
"67";1.66666666666667;1.38888888888889;1.66666666666667;1.00154202096222;96.6666666666667;1.94444444444444
"68";1.66666666666667;1.4773421007132;1.66666666666667;0.771516749810459;96.6666666666667;1.99204768222399
"69";1.66666666666667;1.4773421007132;1.66666666666667;0.771516749810459;96.6666666666667;1.99204768222399
"70";1.66666666666667;1.4773421007132;1.66666666666667;0.771516749810459;96.6666666666667;1.99204768222399
"71";1.66666666666667;1.4773421007132;1.66666666666667;0.771516749810459;96.6666666666667;1.99204768222399
"72";1.66666666666667;1.4773421007132;1.66666666666667;1.06811657410276;96.6666666666667;2.2603378031009
"73";1.66666666666667;1.49955901807073;1.66666666666667;0.629940788348712;96.6666666666667;1.92450089729875
"74";1.66666666666667;1.49955901807073;1.66666666666667;0.629940788348712;96.6666666666667;1.92450089729875
"75";1.66666666666667;1.49955901807073;1.66666666666667;0.629940788348712;96.6666666666667;1.25988157669742
"76";1.66666666666667;1.36082763487954;1.66666666666667;0;96.6666666666667;1.36082763487954
"77";1.66666666666667;1.36082763487954;1.66666666666667;0;96.6666666666667;1.36082763487954
"78";1.66666666666667;1.36082763487954;1.66666666666667;0;96.6666666666667;1.36082763487954
"79";1.66666666666667;1.36082763487954;1.66666666666667;0;96.6666666666667;1.36082763487954
"80";1.66666666666667;1.36082763487954;1.66666666666667;0;96.6666666666667;1.36082763487954
"81";1.66666666666667;1.36082763487954;1.66666666666667;0;96.6666666666667;1.36082763487954
"82";1.66666666666667;1.36082763487954;1.66666666666667;0;96.6666666666667;1.36082763487954
"83";1.66666666666667;1.36082763487954;1.66666666666667;0.680413817439772;96.6666666666667;1.39443337755679
"84";1.66666666666667;1.49071198499986;1.66666666666667;0.74535599249993;96.6666666666667;1.49071198499986
"85";0;1.66666666666667;1.66666666666667;0;96.6666666666667;1.66666666666667
"86";0;1.66666666666667;1.66666666666667;0;96.6666666666667;1.66666666666667
"87";0;1.66666666666667;1.66666666666667;0;96.6666666666667;1.66666666666667
"88";0;1.66666666666667;1.66666666666667;0;96.6666666666667;1.66666666666667
"89";0;1.66666666666667;1.66666666666667;0;96.6666666666667;1.66666666666667
"90";0;1.66666666666667;1.66666666666667;0;96.6666666666667;1.66666666666667
"91";0;1.66666666666667;1.66666666666667;0;96.6666666666667;1.66666666666667
"92";0;1.66666666666667;1.66666666666667;0.833333333333333;96.6666666666667;0.833333333333333
"93";0;0;1.66666666666667;0;98.3333333333333;0
"94";0;0;1.66666666666667;0.962250448649376;98.3333333333333;0.962250448649376
"95";0;0;1.66666666666667;0;98.3333333333333;0
"96";0;0;1.66666666666667;0;98.3333333333333;0
"97";0;0;1.66666666666667;0;98.3333333333333;0
"98";0;0;1.66666666666667;0;98.3333333333333;0
"99";0;0;1.66666666666667;0;98.3333333333333;0
"100";0;0;1.66666666666667;0;98.3333333333333;0
