"allS";"sdAllS";"allI";"sdAllI";"allR";"sdAllR"
"1";100;0;0;0;0;0
"2";100;0;0;0;0;0
"3";99.0024310503814;0;0.997568949618577;0;0;0
"4";98.6838796210914;0.119617099716055;1.22390812306145;0.123786706151482;0.0922122558470953;0.0254266927455832
"5";95.9007460809791;0.763544213886634;3.88129767792774;0.757815888666218;0.209573308743398;0.0374377824804213
"6";91.935619079554;1.29547456836897;7.47757565596446;1.23096221592578;0.586805264481516;0.110961622143521
"7";86.9226255344119;1.73020550356752;11.7696370190293;1.57030258727782;1.29935451420907;0.193744649336917
"8";81.8509514628217;2.09361316290393;15.6593176293067;1.83621471338914;2.48134797552184;0.320414146385843
"9";77.0978288205214;2.25638350543372;18.8615977869059;1.87314318332918;4.03219046022299;0.462838724856968
"10";72.7973845251069;2.398874440159;21.2926481683293;1.86523164656555;5.90996730656384;0.613845909599222
"11";69.0921284265236;2.4470598446091;22.8434906530304;1.74198591174488;8.06438092044597;0.802047527843486
"12";65.9317629306732;2.2958143817702;23.7656132115014;1.55895610335823;10.2942409254757;0.912710001606283
"13";63.3162880375555;2.20087755257426;23.966803587895;1.40564994431782;12.7169083745494;1.07741700352635
"14";61.1534914913237;2.13843308308962;23.7572302791516;1.34913893637329;15.080895297175;1.1722527169332
"15";59.3595439684802;2.08990081950024;23.1368932852712;1.28935902331498;17.5035627462486;1.21171990990547
"16";57.8841478749266;2.03877598887432;22.3153659149971;1.22014027846517;19.8004862100763;1.3123619429942
"17";56.7189202783134;2.01839301258865;21.2255847095314;1.18993790231678;22.0554950121553;1.3311324714652
"18";55.7716489227932;2.02351970347138;20.0687400452678;1.16257129622667;24.159611031939;1.43239470898899
"19";55.0339508760164;2.02693487061982;18.794534328108;1.08038678627703;26.1715147958756;1.50433473110093
"20";54.4219968144857;2.05352216535501;17.5538603403471;1.06350264918576;28.0241428451672;1.4962473826938
"21";53.9106379411518;2.03090560742326;16.2796546231872;0.985443165805005;29.8013245033113;1.53640860335936
"22";53.525023053064;2.02079539330418;15.047363567776;0.937981541233358;31.4192304468103;1.55221081509762
"23";53.1813228267248;2.02348355821951;13.8905189035125;0.906388040406731;32.919775337413;1.57420549394371
"24";52.921451923883;2.04585604329987;12.7588230362981;0.898784593193122;34.3197250398189;1.59332109488467
"25";52.6951127504401;2.04405336144331;11.7277223572806;0.860719283084756;35.5687819599296;1.59328714521777
"26";52.5106882387459;2.03247921023232;10.7469192723615;0.77346362818826;36.7340095565429;1.63987198509343
"27";52.3514125241009;2.03694162074014;9.81641378154078;0.77078016552257;37.8321736943583;1.64835524997917
"28";52.2089026741554;2.03855737428388;8.97812054656719;0.738390116258517;38.8045938469277;1.65043177300708
"29";52.0999245536089;2.04218221438176;8.19850783804175;0.693154566398492;39.7015676083494;1.68566723184842
"30";52.0077122977618;2.04488752767976;7.48595858831419;0.648554197478969;40.5063291139241;1.71078263825981
"31";51.9322659066141;2.05304891562618;6.80694106798558;0.596440745560435;41.2607930254003;1.75006447895297
"32";51.8652024478163;2.0612261676742;6.18660407410512;0.590008508282686;41.9481934780786;1.78547158247159
"33";51.8149048537178;2.06276350642988;5.61656467432308;0.566704370861815;42.5601475396094;1.76778214164609
"34";51.7813731243189;2.0643995404211;5.08005700393998;0.510110397118558;43.1301869393914;1.7809555378642
"35";51.7394584625702;2.07417830304629;4.59384692765529;0.459460327769819;43.6666946097745;1.80471877804035
"36";51.6975438008215;2.08580265489723;4.16631737781876;0.417370083016773;44.12775588901;1.83962847511534
"37";51.6807779361221;2.09056388498965;3.78908542208064;0.380422362360624;44.5217537094476;1.86467272594092
"38";51.6556291390728;2.09424882693006;3.42023639869226;0.337032511292938;44.9157515298852;1.89917143796518
"39";51.6472462067231;2.09880670789657;3.1016849694023;0.306390458538779;45.2510688238746;1.91923285815531
"40";51.6304803420236;2.09484095354546;2.81666526951128;0.280356668262528;45.5528543884651;1.92189723905684
"41";51.6137144773242;2.09643409218326;2.54841143431972;0.268708444661929;45.8294911560064;1.93661737532838
"42";51.6053315449744;2.09572691052736;2.31368932852712;0.250770352989273;46.0809791264984;1.95975425331403
"43";51.588565680275;2.09454396202869;2.08735015508425;0.222179338722992;46.3157012322911;1.97646771190495
"44";51.588565680275;2.09909287670593;1.88615977869059;0.209622276995714;46.5168916086847;1.99043405617979
"45";51.5801827479252;2.10151951432502;1.69335233464666;0.195356784085688;46.7180819850784;2.00723165623289
"46";51.5717998155755;2.10150407054469;1.52569368765194;0.182926344798848;46.8941235644228;2.02017611690852
"47";51.5717998155755;2.10246743956622;1.36641797300696;0.158926429837434;47.0533992790678;2.03235359796764
"48";51.5634168832258;2.10441640579399;1.24067398776092;0.154393473219183;47.1875261966636;2.04297170392563
"49";51.5634168832258;2.10761459822119;1.10654707016514;0.142109606292415;47.3216531142594;2.04922902257397
"50";51.5634168832258;2.10887760089924;1.00595188196831;0.138257537305773;47.4306312348059;2.04960805699805
"51";51.555033950876;2.10958462574597;0.922122558470953;0.121674930401153;47.522843490653;2.0551346015568
"52";51.555033950876;2.11042649510441;0.838293234973594;0.116649022455984;47.6066728141504;2.06074109163208
"53";51.555033950876;2.11059039510097;0.76284684382597;0.112580595112301;47.682119205298;2.06549271810013
"54";51.5466510185263;2.11095464475893;0.687400452678347;0.106900769502;47.7575655964456;2.06662106685138
"55";51.5466510185263;2.11172542897936;0.611954061530723;0.104246105229613;47.8330119875933;2.06742908751456
"56";51.5466510185263;2.11147355363386;0.553273535082572;0.097019445483881;47.9000754463911;2.07106384647186
"57";51.5466510185263;2.1125455234665;0.49459300863442;0.0947210834047239;47.9587559728393;2.0771409267468
"58";51.5466510185263;2.11312460301515;0.444295414536005;0.0942984289657254;48.0090535669377;2.08222941695268
"59";51.5382680861765;2.11335860555805;0.402380752787325;0.0872070987390448;48.0593511610361;2.07346799023014
"60";51.5382680861765;2.11372522161694;0.360466091038645;0.0844129938120309;48.0928828904351;2.08003878595818
"61";51.5382680861765;2.11380116181411;0.326934361639702;0.0716121855922046;48.126414619834;2.08842680337677
"62";51.5382680861765;2.11475123356276;0.31016849694023;0.0710001265705843;48.1515634168832;2.09160439726006
"63";51.5382680861765;2.11513299633189;0.276636767541286;0.063568186463605;48.1850951462822;2.09239468320879
"64";51.5298851538268;2.11617090980026;0.259870902841814;0.0625239464546372;48.2102439433314;2.09319067849507
"65";51.5298851538268;2.11738417901619;0.234722105792606;0.0606395598522961;48.2353927403806;2.09888600734885
"66";51.5298851538268;2.11771346545033;0.217956241093134;0.0594942685982168;48.2521586050801;2.09539333052991
"67";51.5298851538268;2.11844316268055;0.192807444043927;0.0567434870428901;48.2773074021293;2.09665042067488
"68";51.5298851538268;2.11844316268055;0.176041579344455;0.0559294004952465;48.2940732668287;2.09462801384073
"69";51.5298851538268;2.1184854568943;0.159275714644983;0.052287772392466;48.3108391315282;2.09716828347647
"70";51.5298851538268;2.1184854568943;0.142509849945511;0.0495493298393947;48.3276049962277;2.09698327156669
"71";51.5298851538268;2.11803702540779;0.125743985246039;0.0446988603953935;48.3443708609272;2.10165537950128
"72";51.5298851538268;2.11808089931844;0.117361052896303;0.0416934746546098;48.3527537932769;2.10558836248734
"73";51.5298851538268;2.11808089931844;0.100595188196831;0.0368025855502796;48.3695196579764;2.10633213747074
"74";51.5298851538268;2.11808089931844;0.0922122558470953;0.0387604776678359;48.3779025903261;2.10424679579242
"75";51.5298851538268;2.11808089931844;0.0838293234973594;0.03823205382175;48.3862855226758;2.10105012230409
"76";51.5298851538268;2.11763395408128;0.0754463911476234;0.0324213577011617;48.3946684550256;2.10616246223262
"77";51.5298851538268;2.11763395408128;0.0670634587978875;0.0302250924257187;48.3946684550256;2.10568159024503
"78";51.5298851538268;2.11763395408128;0.0586805264481516;0.0250567103355435;48.411434319725;2.10959339192774
"79";51.5298851538268;2.11763395408128;0.0586805264481516;0.0235697039348949;48.411434319725;2.1098638545671
"80";51.5298851538268;2.11763395408128;0.0502975940984156;0.0236284764571978;48.4198172520748;2.10982726020844
"81";51.5298851538268;2.11763395408128;0.0502975940984156;0.0211505710395365;48.4198172520748;2.10909699334401
"82";51.5298851538268;2.11763395408128;0.0419146617486797;0.0183408944958695;48.4282001844245;2.11028650627997
"83";51.5298851538268;2.11763395408128;0.0419146617486797;0.017958803700689;48.4282001844245;2.10994869844679
"84";51.5298851538268;2.11763395408128;0.0335317293989437;0.0170448135775706;48.4365831167742;2.11174929252269
"85";51.5298851538268;2.11763395408128;0.0335317293989437;0.0139943310432516;48.4365831167742;2.11263463642619
"86";51.5298851538268;2.11763395408128;0.0335317293989437;0.0154991805946012;48.4365831167742;2.1116231848739
"87";51.5298851538268;2.11763395408128;0.0251487970492078;0.0158822251457292;48.444966049124;2.112133480345
"88";51.5298851538268;2.11763395408128;0.0251487970492078;0.0158589203273857;48.444966049124;2.11315098866682
"89";51.5298851538268;2.11763395408128;0.0251487970492078;0.0159693153168625;48.444966049124;2.11348705966281
"90";51.5298851538268;2.11763395408128;0.0167658646994719;0.0142626592207796;48.444966049124;2.11764792664132
"91";51.5215022214771;2.17565082539061;0.0167658646994719;0.0116277545369412;48.4533489814737;2.17531051528166
"92";51.5215022214771;2.17565082539061;0.0167658646994719;0.0116277545369412;48.4533489814737;2.17531051528166
"93";51.5215022214771;2.17565082539061;0.0167658646994719;0.0111956116632581;48.4533489814737;2.17493623547856
"94";51.5215022214771;2.17565082539061;0.0167658646994719;0.0098689756908537;48.4533489814737;2.174931322746
"95";51.5215022214771;2.17565082539061;0.0167658646994719;0.0100750308085729;48.4533489814737;2.17448232771858
"96";51.5215022214771;2.17565082539061;0.0167658646994719;0.00850460681535398;48.4533489814737;2.17516334276973
"97";51.5215022214771;2.17565082539061;0.0167658646994719;0.00920092554609925;48.4533489814737;2.17428605224601
"98";51.4963534244279;2.2357081639636;0.0167658646994719;0.00760738714873862;48.4868807108727;2.233565423305
"99";51.4963534244279;2.2357081639636;0.0167658646994719;0.00590822522000642;48.4868807108727;2.23435883658236
"100";51.4963534244279;2.2357081639636;0.00838293234973594;0.00760738714873862;48.4868807108727;2.2336166263965
"101";51.2783971833347;2.36119280080666;0.00838293234973594;0.00767436848381362;48.7048369519658;2.35902684263418
"102";50.9598457540448;2.2627878120557;0.00838293234973594;0.00553462395652213;49.0317713136055;2.26310452315326
"103";50.9598457540448;2.2627878120557;0.00838293234973594;0.00545262499445042;49.0317713136055;2.26409657117836
"104";50.9598457540448;2.2627878120557;0.00838293234973594;0.00607771860241415;49.0317713136055;2.2648017852766
"105";51.236482521586;2.11681252440698;0.00838293234973594;0.00631887301068329;48.7467516137145;2.11643712944005
"106";50.951462821695;1.96939977658918;0.00838293234973594;0.00542098910791234;49.0317713136055;1.97187654675413
"107";50.951462821695;1.96939977658918;0.00838293234973594;0.00629354676443581;49.0317713136055;1.97198313361618
"108";50.9766116187442;2.07416722260956;0.00838293234973594;0.00565804809883941;49.0066225165563;2.07674711418581
"109";50.9766116187442;2.07416722260956;0.00838293234973594;0.00565804809883941;49.0066225165563;2.07674711418581
"110";50.9766116187442;2.07416722260956;0.00838293234973594;0.00790350441430181;49.0066225165563;2.0752398236872
"111";50.4987844748093;2.07268098208648;0.00838293234973594;0.00316845060783995;49.492832592841;2.07482635998342
"112";50.4987844748093;2.07268098208648;0.00838293234973594;0;49.492832592841;2.07268098208648
"113";50.4987844748093;2.07268098208648;0.00838293234973594;0;49.492832592841;2.07268098208648
"114";50.4987844748093;2.07268098208648;0.00838293234973594;0.00316845060783995;49.492832592841;2.07415531066718
"115";50.8592505658479;2.0104432064007;0.00838293234973594;0;49.1323665018023;2.0104432064007
"116";50.8592505658479;2.0104432064007;0.00838293234973594;0;49.1323665018023;2.0104432064007
"117";50.8592505658479;2.0104432064007;0.00838293234973594;0.00342231780085391;49.1323665018023;2.01120098846146
"118";51.0436750775421;2.19236199903583;0.00838293234973594;0.00459152114599016;48.9479419901081;2.19457900172173
"119";51.8149048537178;1.67084130357088;0.00838293234973594;0.00483988824871847;48.1767122139324;1.67210259105273
"120";52.0580098918602;2.28213689962965;0.00838293234973594;0;47.9252242434404;2.28213689962965
"121";52.0580098918602;2.28213689962965;0.00838293234973594;0;47.9252242434404;2.28213689962965
"122";52.0580098918602;2.28213689962965;0.00838293234973594;0;47.9252242434404;2.28213689962965
"123";52.0580098918602;2.28213689962965;0.00838293234973594;0;47.9252242434404;2.28213689962965
"124";52.0580098918602;2.28213689962965;0;0.00592762831072636;47.9336071757901;2.28806452794037
