"allS";"sdAllS";"allI";"sdAllI";"allR";"sdAllR"
"1";100;0;0;0;0;0
"2";100;0;0;0;0;0
"3";99.21875;0;0.78125;0;0;0
"4";97.65625;1.54180372197802;2.34375;1.54180372197802;0;0
"5";88.28125;9.12310652556514;11.71875;9.04504330493547;0;0.458705428603437
"6";60.9375;22.9924382372721;38.28125;21.9961195190665;0.78125;1.30055056843083
"7";35.9375;28.0610997947546;59.375;25.6715425503776;3.90625;3.28433658903368
"8";23.4375;28.1495274766904;66.40625;24.3089700930812;9.375;5.49331405534599
"9";17.1875;25.718157536418;65.625;19.8526959114374;16.40625;7.82423546689003
"10";13.28125;22.1048935315291;64.0625;16.1601573083936;22.65625;10.0125541919682
"11";8.59375;13.3380477648757;63.28125;8.76086218878311;28.125;10.6037880580741
"12";5.46875;5.70963694503579;58.59375;6.72175367955378;35.15625;10.6161956505082
"13";4.6875;3.21807868657784;54.6875;8.19819967683006;40.625;9.91435959322592
"14";3.90625;2.65911694090971;50.78125;8.28628723665193;45.3125;9.04858369899514
"15";3.90625;2.61181474970272;46.09375;8.1611344557344;50;8.65918529607896
"16";3.125;2.58417572049808;42.1875;8.06228545719516;54.6875;8.1977130645918
"17";3.125;2.56402891579751;37.5;7.44930378382882;58.59375;7.41279921092863
"18";3.125;2.56402891579751;33.59375;6.18729394297746;62.5;6.32502584382395
"19";3.125;2.56402891579751;30.46875;5.66421656456009;65.625;5.88459645291017
"20";3.125;2.58764674384969;27.34375;5.43252180838047;68.75;5.55828750357756
"21";3.125;2.58764674384969;25;4.38065876160901;71.875;4.64131660770316
"22";3.125;2.5964960559937;22.65625;3.97584049272229;74.21875;4.43406132588483
"23";3.125;2.5964960559937;20.3125;3.52709525886012;76.5625;3.84111337847705
"24";3.125;2.5964960559937;17.96875;3.92814533541515;78.90625;4.12529243615814
"25";3.125;2.5964960559937;15.625;3.61506625722374;80.46875;3.98260745909042
"26";3.125;2.5964960559937;14.0625;3.8255032622329;82.8125;4.2305628460626
"27";3.125;2.5964960559937;12.5;3.44006375354763;83.59375;4.05629907910629
"28";3.125;2.5964960559937;11.71875;3.20970027936787;84.375;3.97684373283231
"29";3.125;2.5964960559937;10.9375;3.27977859554958;85.9375;3.91313731066677
"30";3.125;2.5964960559937;10.15625;2.85132291779376;86.71875;3.57511954756925
"31";3.125;2.5964960559937;8.59375;2.61524909010764;88.28125;3.76559470162464
"32";3.125;2.5964960559937;7.8125;2.36493017020954;89.0625;3.66438731236205
"33";3.125;2.5964960559937;7.03125;2.05489552380805;89.84375;3.45510614914191
"34";3.125;2.5964960559937;6.25;2.14791521057937;90.625;3.46778336572651
"35";3.125;2.5964960559937;5.46875;2.22589724968977;90.625;3.45135169658161
"36";3.125;2.5964960559937;4.6875;1.74635712256991;91.40625;3.01354820077167
"37";3.125;2.5964960559937;4.6875;1.73259703588755;92.1875;2.99895144819034
"38";3.125;2.5964960559937;4.6875;1.67880555676543;92.1875;3.10354409222646
"39";3.125;2.5964960559937;3.90625;1.43194347371958;92.96875;3.16936441781448
"40";3.125;2.5964960559937;3.125;1.36124774745188;92.96875;3.283425496523
"41";3.125;2.5964960559937;3.125;1.41794564527036;93.75;3.22179542932178
"42";3.125;2.5964960559937;2.34375;1.39597165139964;93.75;3.11637135950895
"43";3.125;2.5964960559937;2.34375;1.20584942678327;93.75;3.01751687878732
"44";3.125;2.5964960559937;2.34375;1.01940833163629;93.75;2.90434470453938
"45";3.125;2.5964960559937;2.34375;1.00263898112461;94.53125;2.8302589288924
"46";3.125;2.5964960559937;2.34375;0.971314534556572;94.53125;2.85865864584637
"47";3.125;2.5964960559937;1.5625;0.888744467178939;94.53125;2.86388694743916
"48";3.125;2.5964960559937;1.5625;0.966167097501316;94.53125;3.10065064395357
"49";3.125;2.54568212320912;1.5625;0.873464053710855;94.53125;2.92240209346078
"50";3.125;2.54568212320912;1.5625;0.906246038277345;94.53125;2.86345162025234
"51";3.90625;2.67174228645618;1.5625;0.735253084464313;94.53125;2.90321622248909
"52";3.90625;2.67174228645618;1.5625;0.624069247435922;94.53125;2.85475858478102
"53";3.90625;2.67174228645618;1.5625;0.646936461883457;94.53125;2.767917146047
"54";3.125;2.58528237671949;0.78125;0.665336427541125;95.3125;2.83523037739896
"55";3.90625;2.63007941103179;1.5625;0.508858552561664;94.53125;2.6926263651729
"56";3.90625;2.63007941103179;1.5625;0.508858552561664;94.53125;2.6926263651729
"57";3.90625;2.63007941103179;1.5625;0.402288008237842;94.53125;2.70889098644085
"58";3.90625;2.63007941103179;0.78125;0.522310877673064;94.53125;2.56870985139678
"59";3.125;2.22222838738097;0.78125;0.471111475902756;95.3125;2.47277433789183
"60";3.125;2.32340708574953;0.78125;0.37737960276535;95.3125;2.53153933531557
"61";3.125;2.32340708574953;0.78125;0.576456865134861;95.3125;2.68241807954544
"62";3.90625;2.42601173206296;0.78125;0.500679644110668;95.3125;2.37837152021496
"63";3.125;2.50557414292898;0.78125;0.295284744538459;95.3125;2.58549856456757
"64";3.125;2.50557414292898;0.78125;0.295284744538459;95.3125;2.58549856456757
"65";3.125;2.50557414292898;0.78125;0.295284744538459;95.3125;2.58549856456757
"66";3.125;2.50557414292898;0.78125;0.451054897804395;95.3125;2.73835806838958
"67";3.90625;2.42061459137964;0.78125;0.318943976924893;94.53125;2.49103209241002
"68";3.90625;2.42061459137964;0.78125;0.318943976924893;95.3125;2.63394433510214
"69";4.6875;2.09631372890605;0.78125;0.349385621484342;94.53125;1.79857256769083
"70";3.90625;1.171875;0.78125;0;95.3125;1.171875
"71";3.90625;1.171875;0.78125;0;95.3125;1.171875
"72";3.90625;1.171875;0.78125;0;95.3125;1.171875
"73";3.90625;1.171875;0.78125;0;95.3125;1.171875
"74";3.90625;1.171875;0.78125;0;95.3125;1.171875
"75";3.90625;1.171875;0.78125;0.390625;95.3125;1.00858941307485
"76";3.125;1.19337908722808;0.78125;0;95.3125;1.19337908722808
"77";3.125;1.19337908722808;0.78125;0;95.3125;1.19337908722808
"78";3.125;1.19337908722808;0.78125;0;95.3125;1.19337908722808
"79";3.125;1.19337908722808;0.78125;0;95.3125;1.19337908722808
"80";3.125;1.19337908722808;0.78125;0;95.3125;1.19337908722808
"81";3.125;1.19337908722808;0.78125;0;95.3125;1.19337908722808
"82";3.125;1.19337908722808;0.78125;0;95.3125;1.19337908722808
"83";3.125;1.19337908722808;0.78125;0;95.3125;1.19337908722808
"84";3.125;1.19337908722808;0.78125;0.451054897804395;96.09375;0.78125
"85";3.125;0.55242717280199;0.78125;0;96.09375;0.55242717280199
"86";3.125;0.55242717280199;0.78125;0;96.09375;0.55242717280199
"87";3.125;0.55242717280199;0;0.55242717280199;96.875;1.10485434560398
"88";3.125;NA;0.78125;NA;96.09375;NA
"89";3.125;NA;0.78125;NA;96.09375;NA
