"allS";"sdAllS";"allI";"sdAllI";"allR";"sdAllR"
"1";100;0;0;0;0;0
"2";100;0;0;0;0;0
"3";98.5714285714286;0;1.42857142857143;0;0;0
"4";95.7142857142857;2.90929840095885;4.28571428571429;2.94142603351397;0;0.31943828249997
"5";82.8571428571429;9.84738538526274;17.1428571428571;9.70012235962114;0;0.972224353398172
"6";52.8571428571429;17.8420989262019;45.7142857142857;17.2133575390115;1.42857142857143;1.69665115279018
"7";20;15.0364755223154;72.8571428571428;14.0757121070715;5.71428571428571;3.41853166637782
"8";5.71428571428571;5.60947104578799;82.8571428571429;6.06976978666884;11.4285714285714;5.21245719303851
"9";1.42857142857143;1.8812775328873;78.5714285714286;6.71460565547118;20;6.36518457320076
"10";0;0.864007598327571;70;7.81464927471402;28.5714285714286;7.43897478586005
"11";0;0.671660494259467;62.8571428571429;7.6074473093794;35.7142857142857;7.24142516727723
"12";0;0.634659511884742;57.1428571428571;7.27361519333171;41.4285714285714;7.08093459942181
"13";0;0.634659511884742;52.8571428571429;6.32922398577296;47.1428571428571;6.15935884620697
"14";0;0.586273344048659;47.1428571428571;7.25624291382874;51.4285714285714;6.94461749396513
"15";0;0.586273344048659;42.8571428571429;7.09911417901878;55.7142857142857;6.81818507307151
"16";0;0.523353640760748;38.5714285714286;7.60321035705443;60;7.43716969137184
"17";0;0.523353640760748;34.2857142857143;7.70843554281431;65.7142857142857;7.48037173754762
"18";0;0.523353640760748;31.4285714285714;7.34708049749931;68.5714285714286;7.15937938732125
"19";0;0.523353640760748;28.5714285714286;7.37953741793382;71.4285714285714;7.16949918628698
"20";0;0.523353640760748;25.7142857142857;6.56128671460372;74.2857142857143;6.38666373658505
"21";0;0.439705008036495;22.8571428571429;6.22311618729383;77.1428571428572;6.00527873770303
"22";0;0.439705008036495;20;6.3279510549816;78.5714285714286;6.12262799595069
"23";0;0.439705008036495;18.5714285714286;6.22872318225838;81.4285714285714;6.02358415380761
"24";0;0.439705008036495;17.1428571428571;5.76062041652145;82.8571428571429;5.5671855831168
"25";0;0.439705008036495;14.2857142857143;5.55414709440561;84.2857142857143;5.40715999043779
"26";0;0.31943828249997;12.8571428571429;5.26984001167563;85.7142857142857;5.17367541436773
"27";0;0.31943828249997;11.4285714285714;4.73803541479343;87.1428571428571;4.64589258783513
"28";0;0.31943828249997;11.4285714285714;4.15269767249961;88.5714285714286;4.06446443044312
"29";0;0.31943828249997;10;4.14233857267826;88.5714285714286;4.06974638774703
"30";0;0.31943828249997;8.57142857142857;3.51152773984048;90;3.45214328107666
"31";0;0.31943828249997;8.57142857142857;3.54198388461649;91.4285714285714;3.47694570709031
"32";0;0.31943828249997;7.14285714285714;3.37425649207773;91.4285714285714;3.32535744668565
"33";0;0.31943828249997;5.71428571428571;2.94872034361966;92.8571428571429;2.91298806433241
"34";0;0.31943828249997;5.71428571428571;3.03488489333442;92.8571428571429;2.97139965283788
"35";0;0.31943828249997;5.71428571428571;2.89077944510037;94.2857142857143;2.79922499631978
"36";0;0.31943828249997;4.28571428571429;2.79922499631978;94.2857142857143;2.72238601356867
"37";0;0.31943828249997;4.28571428571429;2.76544583299139;94.2857142857143;2.69761401517447
"38";0;0.31943828249997;4.28571428571429;2.25162550186404;95.7142857142857;2.18750479514589
"39";0;0.31943828249997;4.28571428571429;2.09725922112683;95.7142857142857;2.04146069311822
"40";0;0.327736762672231;2.85714285714286;1.98454465111069;95.7142857142857;1.92656692140126
"41";0;0.336717514850737;4.28571428571429;1.8478904764673;95.7142857142857;1.7761180060463
"42";0;0.336717514850737;2.85714285714286;1.80406074936746;95.7142857142857;1.75344322936238
"43";0;0.346479464337619;2.85714285714286;1.66616639150406;95.7142857142857;1.61587264899407
"44";0;0.346479464337619;2.85714285714286;1.88982236504614;95.7142857142857;1.78361220813371
"45";0;0;2.85714285714286;1.47542222712663;97.1428571428571;1.47542222712663
"46";0;0;2.85714285714286;1.18391704309249;97.1428571428571;1.18391704309249
"47";0;0;2.85714285714286;1.1004698378852;97.1428571428571;1.1004698378852
"48";0;0;2.85714285714286;1.4402972457409;97.1428571428571;1.4402972457409
"49";0;0;2.85714285714286;1.11214134880218;97.1428571428571;1.11214134880218
"50";0;0;1.42857142857143;1.11214134880218;97.1428571428571;1.11214134880218
"51";0;0;2.85714285714286;0.752923252421043;97.1428571428571;0.752923252421043
"52";0;0;2.85714285714286;0.752923252421043;97.1428571428571;0.752923252421043
"53";0;0;1.42857142857143;0.96421222530079;97.1428571428571;0.96421222530079
"54";0;0;1.42857142857143;0.952380952380952;97.1428571428571;0.952380952380952
"55";0;0;1.42857142857143;0.661300071266108;97.1428571428571;0.661300071266108
"56";0;0;1.42857142857143;0.91552849208808;97.1428571428571;0.91552849208808
"57";0;0;1.42857142857143;0.697071480677524;97.1428571428571;0.697071480677524
"58";0;0;1.42857142857143;0.985807941917649;98.5714285714286;0.985807941917649
"59";0;0;1.42857142857143;0.63887656499994;97.1428571428571;0.63887656499994
"60";0;0;1.42857142857143;0.63887656499994;97.1428571428571;0.63887656499994
"61";0;0;1.42857142857143;0.63887656499994;97.1428571428571;0.63887656499994
"62";0;0;1.42857142857143;0;98.5714285714286;0
"63";0;0;1.42857142857143;0.782460796435951;98.5714285714286;0.782460796435951
"64";0;0;1.42857142857143;0;98.5714285714286;0
"65";0;0;1.42857142857143;0.824786098842322;98.5714285714286;0.824786098842322
"66";0;0;1.42857142857143;0;98.5714285714286;0
"67";0;0;1.42857142857143;0;98.5714285714286;0
"68";0;0;1.42857142857143;0;98.5714285714286;0
"69";0;0;1.42857142857143;0;98.5714285714286;0
"70";0;0;1.42857142857143;0;98.5714285714286;0
"71";0;0;1.42857142857143;0;98.5714285714286;0
"72";0;0;1.42857142857143;0;98.5714285714286;0
"73";0;0;1.42857142857143;0;98.5714285714286;0
"74";0;0;1.42857142857143;0;98.5714285714286;0
"75";0;0;1.42857142857143;0;98.5714285714286;0
"76";0;0;1.42857142857143;0;98.5714285714286;0
"77";0;0;1.42857142857143;0;98.5714285714286;0
"78";0;0;1.42857142857143;0;98.5714285714286;0
"79";0;0;1.42857142857143;0;98.5714285714286;0
"80";0;0;1.42857142857143;0;98.5714285714286;0
"81";0;0;1.42857142857143;0;98.5714285714286;0
"82";0;0;1.42857142857143;0;98.5714285714286;0
"83";0;0;1.42857142857143;0;98.5714285714286;0
