"allS";"sdAllS";"allI";"sdAllI";"allR";"sdAllR"
"1";100;0;0;0;0;0
"2";100;0;0;0;0;0
"3";98.5714285714286;0;1.42857142857143;0;0;0
"4";94.2857142857143;3.10918392904291;5.71428571428571;3.18680820086964;0;0.523353640760748
"5";82.8571428571429;11.404109158229;17.1428571428571;11.0021480179857;0;0.729168265048629
"6";67.1428571428571;15.4704249912288;31.4285714285714;14.5971687733491;1.42857142857143;1.57006092228224
"7";52.8571428571429;12.3191052136149;41.4285714285714;10.3437746815584;5.71428571428571;3.29552492703288
"8";45.7142857142857;11.7076412070396;44.2857142857143;10.1516135264595;8.57142857142857;3.59183809089798
"9";38.5714285714286;10.704952771691;47.1428571428571;8.26015127326169;12.8571428571429;4.69501898251868
"10";34.2857142857143;11.1676565710082;45.7142857142857;8.75465538611916;20;4.46706262840327
"11";31.4285714285714;11.6473421870177;44.2857142857143;9.72224353398172;22.8571428571429;4.66313609990012
"12";28.5714285714286;10.9861091213825;42.8571428571429;8.19050533304835;28.5714285714286;5.23581631902366
"13";25.7142857142857;10.1833062167568;41.4285714285714;6.64245514005355;32.8571428571429;6.74409033934977
"14";21.4285714285714;9.58128023275988;40;6.39436737457403;37.1428571428571;7.49985081603627
"15";20;7.99510531728576;38.5714285714286;6.00254550769138;41.4285714285714;7.46875578159911
"16";18.5714285714286;7.7402638179738;37.1428571428571;6.39903173245927;44.2857142857143;7.51892230472015
"17";17.1428571428571;6.62536436115096;34.2857142857143;5.28685440073669;48.5714285714286;7.39569229151001
"18";15.7142857142857;6.41672537067274;32.8571428571429;6.04711580011003;51.4285714285714;7.41100680341849
"19";14.2857142857143;5.86273344048659;30;5.00506963420123;54.2857142857143;7.32841680060824
"20";14.2857142857143;5.18082153748977;28.5714285714286;5.36750598876646;57.1428571428571;7.6721209135784
"21";12.8571428571429;5.48081966267113;25.7142857142857;5.1946248164932;60;7.46076182042842
"22";11.4285714285714;5.47755240773835;24.2857142857143;4.66185624915558;62.8571428571429;6.83898319434939
"23";11.4285714285714;5.38526453517894;22.8571428571429;4.37391829329543;65.7142857142857;7.01982598051788
"24";11.4285714285714;5.17390608852859;20;4.49900865610363;68.5714285714286;6.75558319351637
"25";10;5.00149160231235;18.5714285714286;3.96908930222138;70;6.41021234389547
"26";10;4.8092880658867;17.1428571428571;3.77964473009227;72.8571428571428;6.29940788348712
"27";10;4.8092880658867;15.7142857142857;3.85622997334854;72.8571428571428;6.20107055654594
"28";10;4.50166059188128;14.2857142857143;4.33967697834819;75.7142857142857;6.92137832954289
"29";8.57142857142857;4.50033481933247;12.8571428571429;4.18853908291695;77.1428571428572;6.79960544477097
"30";8.57142857142857;4.46839827281296;12.8571428571429;4.39840698522069;78.5714285714286;6.93171646574462
"31";8.57142857142857;4.52413928358864;11.4285714285714;4.25497188873895;80;6.52736671949162
"32";8.57142857142857;4.53993958529396;10;3.25910916918716;81.4285714285714;5.89521420671244
"33";8.57142857142857;4.492371967646;8.57142857142857;3.17188689140138;81.4285714285714;5.47864170921233
"34";8.57142857142857;4.3355498476206;8.57142857142857;3.26093961536864;82.8571428571429;5.3149971227281
"35";8.57142857142857;4.3355498476206;7.14285714285714;3.32795843061611;82.8571428571429;5.37195112906353
"36";8.57142857142857;4.41195308130603;7.14285714285714;3.63477653090882;84.2857142857143;5.08197510218743
"37";8.57142857142857;4.46839827281296;7.14285714285714;3.56515740140789;84.2857142857143;5.34968849233594
"38";8.57142857142857;4.39840698522069;5.71428571428571;3.4529210535955;85.7142857142857;5.37861195137291
"39";8.57142857142857;4.39840698522069;5.71428571428571;3.01367373532393;85.7142857142857;5.08080075783849
"40";8.57142857142857;4.60309411050394;5.71428571428571;2.70855456664058;85.7142857142857;4.82106112650395
"41";7.14285714285714;4.6023696131184;4.28571428571429;2.19132853956392;87.1428571428571;4.63701780317653
"42";7.14285714285714;4.6023696131184;4.28571428571429;2.42810453028228;87.1428571428571;5.19847506395188
"43";8.57142857142857;4.74120149293812;4.28571428571429;2.39735248129428;87.1428571428571;4.9939939918262
"44";7.14285714285714;4.23381271055147;4.28571428571429;2.1957751641342;88.5714285714286;4.78713553878169
"45";7.14285714285714;4.25285018474406;2.85714285714286;2.08452346958198;88.5714285714286;4.69476477861571
"46";7.14285714285714;4.30155801548046;2.85714285714286;1.89655972105025;90;4.27677639426363
"47";7.14285714285714;4.19866238128658;2.85714285714286;1.50799617974785;90;4.17079484516172
"48";7.14285714285714;4.19866238128658;1.42857142857143;1.60780409677468;90;4.10740164816149
"49";7.14285714285714;4.18778753954161;1.42857142857143;1.33944923125284;90;4.17169092312784
"50";7.14285714285714;4.2612242893031;1.42857142857143;0.92920519369713;90;4.30399033572882
"51";7.14285714285714;4.2612242893031;1.42857142857143;1.28388147753274;91.4285714285714;4.62344490664853
"52";7.14285714285714;4.26183825433608;2.85714285714286;1.01015254455221;90;4.14039335605413
"53";7.14285714285714;4.26183825433608;1.42857142857143;1.35526185435788;90;4.26981176599236
"54";7.14285714285714;4.76488002290226;2.85714285714286;0.763603548321213;90;4.73418804476002
"55";7.14285714285714;4.76488002290226;1.42857142857143;0.661300071266108;90;4.44844127055864
"56";7.14285714285714;4.76488002290226;1.42857142857143;0.661300071266108;90;4.44844127055864
"57";7.14285714285714;4.76488002290226;1.42857142857143;0.763603548321213;90;4.70329578632307
"58";7.14285714285714;5.14134520481393;1.42857142857143;0.824786098842322;90;5.14134520481393
"59";8.57142857142857;5.54511490590843;1.42857142857143;0.903507902905251;90;5.00340020440522
"60";7.14285714285714;4.58480186739463;1.42857142857143;1.19522860933439;91.4285714285714;4.23782770691181
"61";5.71428571428571;1.64957219768464;1.42857142857143;0.824786098842322;92.8571428571429;1.42857142857143
"62";5.71428571428571;1.64957219768464;1.42857142857143;0.824786098842322;92.8571428571429;1.42857142857143
"63";5.71428571428571;1.64957219768464;1.42857142857143;0.824786098842322;92.8571428571429;1.42857142857143
"64";5.71428571428571;1.64957219768464;1.42857142857143;0.824786098842322;92.8571428571429;1.42857142857143
"65";5.71428571428571;1.64957219768464;1.42857142857143;0.824786098842322;92.8571428571429;1.42857142857143
"66";5.71428571428571;1.64957219768464;1.42857142857143;0;92.8571428571429;1.64957219768464
"67";5.71428571428571;1.64957219768464;1.42857142857143;0;92.8571428571429;1.64957219768464
"68";5.71428571428571;1.64957219768464;1.42857142857143;0;92.8571428571429;1.64957219768464
"69";5.71428571428571;1.64957219768464;1.42857142857143;0;92.8571428571429;1.64957219768464
"70";5.71428571428571;1.64957219768464;1.42857142857143;0;92.8571428571429;1.64957219768464
"71";5.71428571428571;1.64957219768464;1.42857142857143;0;92.8571428571429;1.64957219768464
"72";5.71428571428571;1.64957219768464;1.42857142857143;0;92.8571428571429;1.64957219768464
"73";5.71428571428571;1.64957219768464;1.42857142857143;0;92.8571428571429;1.64957219768464
"74";5.71428571428571;1.64957219768464;1.42857142857143;0;92.8571428571429;1.64957219768464
"75";5.71428571428571;1.64957219768464;1.42857142857143;0;92.8571428571429;1.64957219768464
"76";5.71428571428571;1.64957219768464;1.42857142857143;0.824786098842322;92.8571428571429;0.824786098842322
"77";4.28571428571429;0;1.42857142857143;0;94.2857142857143;0
"78";4.28571428571429;0;1.42857142857143;0;94.2857142857143;0
"79";4.28571428571429;0;1.42857142857143;0;94.2857142857143;0
"80";4.28571428571429;0;1.42857142857143;0;94.2857142857143;0
"81";4.28571428571429;0;0;1.01015254455221;94.2857142857143;1.01015254455221
"82";4.28571428571429;NA;1.42857142857143;NA;94.2857142857143;NA
"83";4.28571428571429;NA;1.42857142857143;NA;94.2857142857143;NA
"84";4.28571428571429;NA;1.42857142857143;NA;94.2857142857143;NA
