"allS";"sdAllS";"allI";"sdAllI";"allR";"sdAllR"
"1";100;0;0;0;0;0
"2";100;0;0;0;0;0
"3";98.5714285714286;0;1.42857142857143;0;0;0
"4";94.2857142857143;2.86746256613861;5.71428571428571;2.80401737270353;0;0.31943828249997
"5";80;11.2531174818903;20;11.1899429297568;0;0.586273344048659
"6";51.4285714285714;18.7183316524103;47.1428571428571;17.9704674785145;0;1.41155276309726
"7";22.8571428571429;17.3081008333547;74.2857142857143;16.1051859338376;2.85714285714286;2.57643622674904
"8";5.71428571428571;5.87188681599081;84.2857142857143;5.70676196419689;8.57142857142857;4.68331132222958
"9";2.85714285714286;2.08699106044055;81.4285714285714;5.08995345837053;15.7142857142857;4.91113292815656
"10";1.42857142857143;1.30066495428618;77.1428571428572;5.07463099143653;21.4285714285714;4.872157244909
"11";1.42857142857143;1.06451402910085;70;4.89360484929593;28.5714285714286;5.01555046920375
"12";1.42857142857143;0.980475344504657;64.2857142857143;5.46642913388918;34.2857142857143;5.6628322571777
"13";0;0.983210288016693;60;5.88285206702794;38.5714285714286;6.12438207935466
"14";0;0.980475344504657;55.7142857142857;5.6817683817757;42.8571428571429;5.82781950037007
"15";0;0.785885148885972;51.4285714285714;6.4934073813352;48.5714285714286;6.487201313415
"16";0;0.586273344048659;47.1428571428571;6.50373766783279;51.4285714285714;6.42063001549835
"17";0;0.586273344048659;42.8571428571429;6.06578685247304;55.7142857142857;5.95859324944674
"18";0;0.523353640760748;40;5.28256358037137;58.5714285714286;5.33466462081182
"19";0;0.523353640760748;37.1428571428571;4.82285553932197;62.8571428571429;4.81672703099157
"20";0;0.523353640760748;34.2857142857143;4.25490176667319;64.2857142857143;4.22513577153001
"21";0;0.439705008036495;31.4285714285714;4.3380265972357;67.1428571428571;4.30072559011892
"22";0;0.439705008036495;28.5714285714286;4.66435163282877;70;4.64589258783513
"23";0;0.439705008036495;27.1428571428571;4.98978548473514;72.8571428571428;5.03478768204006
"24";0;0.439705008036495;24.2857142857143;5.11101251999952;74.2857142857143;5.16328441087901
"25";0;0.439705008036495;22.8571428571429;5.19439506241553;77.1428571428572;5.28256358037137
"26";0;0.439705008036495;20;5.09628031408617;80;5.16120369976858
"27";0;0.439705008036495;18.5714285714286;4.7374686302451;80;4.80500544601124
"28";0;0.439705008036495;17.1428571428571;5.19180962844798;81.4285714285714;5.24941815608584
"29";0;0.439705008036495;15.7142857142857;4.67872208906246;84.2857142857143;4.70390746454648
"30";0;0.439705008036495;14.2857142857143;5.10838488498959;84.2857142857143;5.1041778553404
"31";0;0.439705008036495;14.2857142857143;5.16692363912886;85.7142857142857;5.17938158039325
"32";0;0.439705008036495;12.8571428571429;4.99785131060125;87.1428571428571;5.02357492711467
"33";0;0.439705008036495;11.4285714285714;4.51991654153343;87.1428571428571;4.52704013388346
"34";0;0.439705008036495;11.4285714285714;4.30072559011892;88.5714285714286;4.28821981898047
"35";0;0.439705008036495;10;3.82203459462822;88.5714285714286;3.84724433024825
"36";0;0.439705008036495;8.57142857142857;3.50770212835518;90;3.51382110749967
"37";0;0.439705008036495;8.57142857142857;2.98941922160341;91.4285714285714;3.00017901363503
"38";0;0.439705008036495;7.14285714285714;3.18090435633761;91.4285714285714;3.22450339226763
"39";0;0.439705008036495;7.14285714285714;2.98941922160341;92.8571428571429;3.0709476804862
"40";0;0.439705008036495;5.71428571428571;2.91206608676086;92.8571428571429;2.98492452770421
"41";0;0.439705008036495;5.71428571428571;3.19354208730255;92.8571428571429;3.28636802911226
"42";0;0.439705008036495;5.71428571428571;3.1639755274908;94.2857142857143;3.24111609053923
"43";0;0.439705008036495;5.71428571428571;3.12640945658523;94.2857142857143;3.19101854515634
"44";0;0.450431096631865;5.71428571428571;2.9088881494725;94.2857142857143;2.97581451259428
"45";0;0.450431096631865;4.28571428571429;3.02355790005501;94.2857142857143;3.09957282744169
"46";0;0.461972619116825;4.28571428571429;2.46219921411489;94.2857142857143;2.58379638029533
"47";0;0.461972619116825;4.28571428571429;2.44997978775013;94.2857142857143;2.58766530641591
"48";0;0.461972619116825;4.28571428571429;2.22155518867208;95.7142857142857;2.29247366561458
"49";0;0.461972619116825;4.28571428571429;2.34993805951421;95.7142857142857;2.42810453028228
"50";0;0.461972619116825;4.28571428571429;2.36126312781037;95.7142857142857;2.44997978775013
"51";0;0.461972619116825;2.85714285714286;2.63870898623657;95.7142857142857;2.737942999056
"52";0;0.487950036474267;2.85714285714286;2.55384197700982;95.7142857142857;2.65825629513263
"53";0;0.502665393249283;2.85714285714286;2.2823103906228;95.7142857142857;2.40262247392023
"54";0;0.502665393249283;2.85714285714286;2.2695003153214;95.7142857142857;2.40666389388995
"55";0;0.502665393249283;2.85714285714286;1.87043905916565;95.7142857142857;1.93680530039107
"56";0;0.518766456573259;2.85714285714286;1.53087386565791;95.7142857142857;1.60244822785086
"57";0;0.518766456573259;2.85714285714286;1.4824986333222;95.7142857142857;1.57064344593793
"58";0;0.518766456573259;2.85714285714286;1.1004698378852;97.1428571428571;1.25294002758147
"59";0;0.518766456573259;2.85714285714286;0.904748133966644;97.1428571428571;1.14540532248182
"60";0;0.518766456573259;2.85714285714286;0.923151675226949;97.1428571428571;1.17917186550794
"61";0;0.518766456573259;2.85714285714286;0.923151675226949;97.1428571428571;1.17917186550794
"62";0;0.518766456573259;1.42857142857143;1.07989849431208;97.1428571428571;1.33944923125284
"63";0;0.536476868713436;1.42857142857143;0.943178988247892;97.1428571428571;1.24245498946129
"64";0;0.536476868713436;1.42857142857143;0.723385262202619;97.1428571428571;0.943178988247892
"65";0;0.536476868713436;1.42857142857143;1.03573007440283;97.1428571428571;1.24245498946129
"66";0;0.577885596397065;1.42857142857143;0.963142660661774;97.1428571428571;0.982216644217612
"67";0;0.451753951452626;2.85714285714286;0.752923252421043;97.1428571428571;0.998865569685859
"68";0;0.451753951452626;1.42857142857143;0.96421222530079;97.1428571428571;1.20467720387367
"69";0;0.476190476190476;1.42857142857143;0.629940788348712;97.1428571428571;0.714285714285714
"70";0;0.476190476190476;1.42857142857143;0.629940788348712;97.1428571428571;0.714285714285714
"71";0;0.476190476190476;1.42857142857143;0.476190476190476;97.1428571428571;0.629940788348712
"72";0;0.476190476190476;1.42857142857143;0.714285714285714;97.1428571428571;0.858464589396188
"73";0;0.505076272276105;1.42857142857143;0;97.1428571428571;0.505076272276105
"74";0;0.505076272276105;1.42857142857143;0.661300071266108;98.5714285714286;0.91552849208808
"75";0;0.583211843519804;1.42857142857143;0;97.1428571428571;0.583211843519804
"76";0;0.583211843519804;1.42857142857143;0.583211843519804;98.5714285714286;0.903507902905251
"77";0;0.63887656499994;1.42857142857143;0.63887656499994;98.5714285714286;1.01015254455221
"78";0;0.714285714285714;1.42857142857143;0.714285714285714;98.5714285714286;0
"79";0;0;1.42857142857143;0.824786098842322;98.5714285714286;0.824786098842322
"80";0;0;1.42857142857143;0;98.5714285714286;0
"81";0;0;1.42857142857143;0;98.5714285714286;0
"82";0;0;1.42857142857143;0;98.5714285714286;0
"83";0;0;1.42857142857143;0;98.5714285714286;0
"84";0;0;1.42857142857143;0;98.5714285714286;0
"85";0;0;1.42857142857143;0;98.5714285714286;0
"86";0;0;1.42857142857143;0;98.5714285714286;0
"87";0;0;1.42857142857143;0;98.5714285714286;0
"88";0;0;1.42857142857143;0;98.5714285714286;0
"89";0;0;1.42857142857143;0;98.5714285714286;0
"90";0;0;1.42857142857143;0;98.5714285714286;0
"91";0;0;1.42857142857143;0;98.5714285714286;0
"92";0;0;1.42857142857143;0;98.5714285714286;0
"93";0;0;1.42857142857143;0;98.5714285714286;0
"94";0;0;1.42857142857143;0;98.5714285714286;0
"95";0;0;1.42857142857143;0;98.5714285714286;0
"96";0;0;1.42857142857143;0;98.5714285714286;0
"97";0;0;1.42857142857143;0;98.5714285714286;0
"98";0;0;1.42857142857143;0;98.5714285714286;0
"99";0;0;0;1.01015254455221;98.5714285714286;1.01015254455221
"100";0;NA;1.42857142857143;NA;98.5714285714286;NA
"101";0;NA;1.42857142857143;NA;98.5714285714286;NA
"102";0;NA;1.42857142857143;NA;98.5714285714286;NA
"103";0;NA;1.42857142857143;NA;98.5714285714286;NA
"104";0;NA;1.42857142857143;NA;98.5714285714286;NA
