"allS";"sdAllS";"allI";"sdAllI";"allR";"sdAllR"
"1";100;0;0;0;0;0
"2";100;0;0;0;0;0
"3";99.0697674418605;0;0.930232558139535;0;0;0
"4";98.6046511627907;0.455219055748459;1.3953488372093;0.483716222555004;0;0.227609527874229
"5";97.6744186046512;1.34528718667887;2.32558139534884;1.33189033146757;0;0.319224530768958
"6";95.8139534883721;2.14951639004054;3.72093023255814;2.02725445129298;0;0.383989743014836
"7";93.4883720930233;3.9555758043096;6.04651162790698;3.81244559259374;0.465116279069767;0.645102062271261
"8";90.2325581395349;5.96499041909973;8.37209302325581;5.7233577956504;0.930232558139535;1.19275946033845
"9";87.4418604651163;8.14163288226519;10.6976744186047;7.71809831417054;1.86046511627907;1.42581988376949
"10";83.7209302325581;10.288347967329;13.0232558139535;9.18317200892549;2.7906976744186;1.8076972110073
"11";80.4651162790698;12.0357129900731;15.8139534883721;10.3712641895953;3.72093023255814;2.23966128288105
"12";77.2093023255814;13.3728859325347;17.2093023255814;10.5635517431653;5.58139534883721;3.42155510944086
"13";73.953488372093;14.1261250267685;18.6046511627907;10.491222707224;7.44186046511628;4.25022206218953
"14";70.6976744186046;14.5036187608591;20;10.336927395225;8.83720930232558;5.01036470916051
"15";68.3720930232558;14.581618866867;20.9302325581395;9.93614865949572;10.6976744186047;5.86173753939301
"16";66.046511627907;14.2509301347851;21.3953488372093;9.08344071801402;12.5581395348837;6.51140933362835
"17";64.1860465116279;14.264905122235;20.9302325581395;8.8980384090839;14.4186046511628;7.01543737894825
"18";62.7906976744186;14.3987702643055;20.4651162790698;8.35340631800347;16.7441860465116;7.90982021015799
"19";61.3953488372093;14.7527129006656;19.5348837209302;8.25909738696185;18.6046511627907;8.81266319844502
"20";60.9302325581395;14.9221314344474;18.6046511627907;8.10940392631164;20;9.64119613379609
"21";60.4651162790698;14.9581218753131;17.2093023255814;7.28237144590029;22.3255813953488;9.81091334512282
"22";60;14.9271665482275;15.8139534883721;6.81994339470473;23.7209302325581;10.4296966222365
"23";59.5348837209302;14.9647998167169;14.8837209302326;6.4364872491087;25.1162790697674;10.9122224599352
"24";59.5348837209302;15.0105330547405;13.4883720930233;5.99906058513583;26.5116279069767;11.3802512831608
"25";59.0697674418605;15.1712398833476;12.5581395348837;5.43436490134402;27.906976744186;11.7167718138601
"26";59.0697674418605;15.1239788317595;11.6279069767442;5.06702675968007;29.3023255813954;12.1041987717889
"27";59.0697674418605;15.1824931503622;10.2325581395349;4.65428291919408;30.2325581395349;12.3237568220671
"28";59.0697674418605;15.2926347605567;9.76744186046512;4.46532027277794;31.1627906976744;12.4735123991191
"29";59.0697674418605;15.301864252904;8.83720930232558;4.0648860391512;32.093023255814;12.7317211598168
"30";59.0697674418605;15.3131144698221;8.37209302325581;3.79185765943391;32.5581395348837;12.871647702042
"31";58.6046511627907;15.2819282716988;7.44186046511628;3.35603741120469;33.4883720930233;13.1633486177827
"32";58.6046511627907;15.3598862349074;6.97674418604651;2.98878760166845;33.953488372093;13.4325227081927
"33";58.6046511627907;15.3849765560196;6.04651162790698;2.75073384336051;34.8837209302326;13.6716539391258
"34";58.6046511627907;15.3283309476436;5.58139534883721;2.35187098816489;35.3488372093023;13.9300292394175
"35";58.6046511627907;15.3112555000809;5.11627906976744;2.13356625828893;35.8139534883721;14.0044764046793
"36";58.6046511627907;15.3369450610715;4.65116279069767;2.12875791454685;36.2790697674419;14.2262007705344
"37";58.6046511627907;15.3369450610715;4.18604651162791;1.89847944141155;36.7441860465116;14.3815213891912
"38";58.6046511627907;15.3369450610715;3.72093023255814;1.65495969051801;37.6744186046512;14.7275311453013
"39";58.6046511627907;15.3369450610715;3.25581395348837;1.53595897205934;37.6744186046512;14.9027380038497
"40";58.6046511627907;15.3766300057738;2.7906976744186;1.36732361956424;38.1395348837209;15.0223804270315
"41";58.6046511627907;15.3766300057738;2.7906976744186;1.23888126596261;38.6046511627907;15.2565005666906
"42";58.6046511627907;15.3766300057738;2.32558139534884;1.12192574269489;38.6046511627907;15.2063225345828
"43";58.6046511627907;15.3766300057738;1.86046511627907;0.821004604798221;39.0697674418605;15.2648568595624
"44";58.6046511627907;15.3766300057738;1.86046511627907;0.799931681350307;39.5348837209302;15.2002001517934
"45";58.6046511627907;15.3766300057738;1.3953488372093;0.782301159425939;39.5348837209302;15.207520510692
"46";57.6744186046512;15.4334180320265;1.3953488372093;0.686017121402977;40.4651162790698;15.287804838361
"47";56.2790697674419;14.5158014272812;1.3953488372093;0.594546502982458;41.8604651162791;14.4896728075369
"48";54.8837209302326;13.3381774146315;1.3953488372093;0.545397181374817;43.7209302325581;13.5413953807886
"49";54.8837209302326;13.3381774146315;1.3953488372093;0.564036337293798;43.7209302325581;13.6039203797788
"50";54.8837209302326;13.3381774146315;1.3953488372093;0.617870850376811;43.7209302325581;13.6558543967017
"51";54.8837209302326;13.7483302819555;0.930232558139535;0.537070017850815;43.7209302325581;13.9622388582727
"52";54.8837209302326;13.7775732677685;0.930232558139535;0.640415179916989;43.7209302325581;13.9151605383094
"53";55.3488372093023;14.7924382622019;0.930232558139535;0.538543463741246;43.2558139534884;14.9656335922022
"54";55.3488372093023;14.7924382622019;0.930232558139535;0.50317105212548;43.7209302325581;14.9372917846342
"55";55.3488372093023;14.7924382622019;0.930232558139535;0.511372284723977;43.7209302325581;14.8503411153119
"56";55.3488372093023;14.7924382622019;0.930232558139535;0.453470351591734;43.7209302325581;14.7124699490028
"57";53.0232558139535;12.515553136883;0.930232558139535;0.431073812091302;46.046511627907;12.6305911527835
"58";53.0232558139535;12.515553136883;0.930232558139535;0.449961824207835;46.046511627907;12.5741411779149
"59";51.6279069767442;12.0748494652916;0.465116279069767;0.418761226687684;47.4418604651163;12.2129763927283
"60";51.6279069767442;12.6641830773007;0.465116279069767;0.300776646829239;47.4418604651163;12.7435996223159
"61";50.2325581395349;12.2807922995072;0.465116279069767;0.22467250769286;49.3023255813954;12.4446011133012
"62";50.2325581395349;12.2807922995072;0.465116279069767;0.219257916646991;49.3023255813954;12.2788348579832
"63";49.7674418604651;12.978420422797;0.465116279069767;0.232558139534884;49.7674418604651;12.8990011906676
"64";46.9767441860465;11.1736865428235;0.465116279069767;0.248615108755744;52.093023255814;11.2591014116858
"65";48.3720930232558;11.4101424980001;0.465116279069767;0.175797429306617;50.6976744186047;11.4362950027642
"66";48.3720930232558;11.4101424980001;0.465116279069767;0.268535008925407;50.6976744186047;11.5108168892247
"67";50.2325581395349;11.3663608514277;0.465116279069767;0.294165363736593;49.3023255813954;11.3663608514277
"68";49.7674418604651;12.6439788084355;0.465116279069767;0.208006323488353;49.3023255813954;12.6670556808367
"69";49.7674418604651;12.6439788084355;0.465116279069767;0.208006323488353;49.3023255813954;12.6670556808367
"70";49.7674418604651;12.6439788084355;0.465116279069767;0.208006323488353;49.3023255813954;12.6670556808367
"71";49.7674418604651;12.6439788084355;0.465116279069767;0.328886874970487;49.7674418604651;12.8181523530425
"72";53.953488372093;10.1360850400293;0.465116279069767;0;45.5813953488372;10.1360850400293
"73";53.953488372093;10.1360850400293;0.465116279069767;0.232558139534884;45.5813953488372;10.1653891273088
"74";54.4186046511628;12.3321614730817;0.465116279069767;0.268535008925407;45.1162790697674;12.1049434393446
"75";48.3720930232558;9.20883249917364;0.465116279069767;0;51.1627906976744;9.20883249917364
"76";48.3720930232558;9.20883249917364;0;0.328886874970487;51.1627906976744;9.53771937414413
"77";54.8837209302326;NA;0.465116279069767;NA;44.6511627906977;NA
"78";54.8837209302326;NA;0.465116279069767;NA;44.6511627906977;NA
"79";54.8837209302326;NA;0.465116279069767;NA;44.6511627906977;NA
"80";54.8837209302326;NA;0.465116279069767;NA;44.6511627906977;NA
"81";54.8837209302326;NA;0.465116279069767;NA;44.6511627906977;NA
"82";54.8837209302326;NA;0.465116279069767;NA;44.6511627906977;NA
"83";54.8837209302326;NA;0.465116279069767;NA;44.6511627906977;NA
"84";54.8837209302326;NA;0.465116279069767;NA;44.6511627906977;NA
"85";54.8837209302326;NA;0.465116279069767;NA;44.6511627906977;NA
"86";54.8837209302326;NA;0.465116279069767;NA;44.6511627906977;NA
"87";54.8837209302326;NA;0.465116279069767;NA;44.6511627906977;NA
"88";54.8837209302326;NA;0.465116279069767;NA;44.6511627906977;NA
"89";54.8837209302326;NA;0.465116279069767;NA;44.6511627906977;NA
"90";54.8837209302326;NA;0.465116279069767;NA;44.6511627906977;NA
"91";54.8837209302326;NA;0.465116279069767;NA;44.6511627906977;NA
"92";54.8837209302326;NA;0.465116279069767;NA;44.6511627906977;NA
"93";54.8837209302326;NA;0.465116279069767;NA;44.6511627906977;NA
"94";54.8837209302326;NA;0.465116279069767;NA;44.6511627906977;NA
"95";54.8837209302326;NA;0.465116279069767;NA;44.6511627906977;NA
"96";54.8837209302326;NA;0.465116279069767;NA;44.6511627906977;NA
"97";54.8837209302326;NA;0.465116279069767;NA;44.6511627906977;NA
"98";54.8837209302326;NA;0.465116279069767;NA;44.6511627906977;NA
"99";54.8837209302326;NA;0.465116279069767;NA;44.6511627906977;NA
"100";54.8837209302326;NA;0.465116279069767;NA;44.6511627906977;NA
"101";54.8837209302326;NA;0.465116279069767;NA;44.6511627906977;NA
"102";54.8837209302326;NA;0.465116279069767;NA;44.6511627906977;NA
"103";54.8837209302326;NA;0.465116279069767;NA;44.6511627906977;NA
"104";54.8837209302326;NA;0.465116279069767;NA;44.6511627906977;NA
"105";54.8837209302326;NA;0.465116279069767;NA;44.6511627906977;NA
"106";54.8837209302326;NA;0.465116279069767;NA;44.6511627906977;NA
"107";54.8837209302326;NA;0.465116279069767;NA;44.6511627906977;NA
"108";54.8837209302326;NA;0.465116279069767;NA;44.6511627906977;NA
"109";54.8837209302326;NA;0.465116279069767;NA;44.6511627906977;NA
"110";54.8837209302326;NA;0.465116279069767;NA;44.6511627906977;NA
"111";54.8837209302326;NA;0.465116279069767;NA;44.6511627906977;NA
"112";54.8837209302326;NA;0.465116279069767;NA;44.6511627906977;NA
