"allS";"sdAllS";"allI";"sdAllI";"allR";"sdAllR"
"1";100;0;0;0;0;0
"2";100;0;0;0;0;0
"3";98.5714285714286;0;1.42857142857143;0;0;0
"4";95.7142857142857;2.4470767759887;4.28571428571429;2.63823004821897;0;0.523353640760748
"5";88.5714285714286;8.14227818956359;10;7.95244848619892;0;0.724653247859697
"6";74.2857142857143;16.6774043462944;24.2857142857143;16.3123819825135;0;1.44930649571939
"7";51.4285714285714;23.3979464449305;45.7142857142857;22.0716644619471;2.85714285714286;2.83618041071347
"8";31.4285714285714;23.2351779260877;61.4285714285714;20.2714600395507;7.14285714285714;5.01459857121279
"9";17.1428571428571;21.8231562607813;70;17.8619041271534;12.8571428571429;7.225916412701
"10";10;20.6583954897982;70;16.6544889273779;20;9.22721111664023
"11";7.14285714285714;17.8548870755657;64.2857142857143;12.3751673394181;27.1428571428571;8.89999604414909
"12";5.71428571428571;14.120599685621;60;9.57816568590622;34.2857142857143;10.6434584614236
"13";2.85714285714286;8.73349977839821;55.7142857142857;7.85657323066173;40;11.5495890111007
"14";2.85714285714286;7.49268649265355;51.4285714285714;8.18321645972327;45.7142857142857;12.0428086327933
"15";2.85714285714286;7.12529168503643;45.7142857142857;7.67834071266529;50;11.3178639608098
"16";2.85714285714286;5.5036361381489;41.4285714285714;8.5057354476512;54.2857142857143;11.7213948312303
"17";2.85714285714286;5.19577343448767;38.5714285714286;8.83269323285899;58.5714285714286;11.7437736319816
"18";1.42857142857143;4.57659482512277;35.7142857142857;8.64145717998875;61.4285714285714;11.4728673731559
"19";1.42857142857143;3.65931952767957;31.4285714285714;8.25436988933502;65.7142857142857;10.628871457574
"20";1.42857142857143;3.65931952767957;28.5714285714286;7.66122411465403;68.5714285714286;9.95993885057277
"21";1.42857142857143;3.65931952767957;25.7142857142857;6.62356276645793;71.4285714285714;8.84754377839465
"22";1.42857142857143;3.59017635678596;22.8571428571429;5.76522823018545;74.2857142857143;8.08638761362482
"23";1.42857142857143;2.98382479495191;20;6.26997345545545;77.1428571428572;8.3735157254577
"24";1.42857142857143;2.68930597568645;18.5714285714286;6.22508160647554;78.5714285714286;8.14520917532792
"25";1.42857142857143;2.10138083370973;17.1428571428571;6.2975130397434;81.4285714285714;7.88613924974574
"26";1.42857142857143;2.10138083370973;15.7142857142857;6.5346762029907;82.8571428571429;8.03010804157247
"27";1.42857142857143;1.86038531928778;14.2857142857143;6.75204901425617;84.2857142857143;8.01597640900423
"28";1.42857142857143;1.62037392233029;12.8571428571429;6.27853315016516;85.7142857142857;7.29004572541224
"29";1.42857142857143;1.62037392233029;11.4285714285714;5.67551593105521;87.1428571428571;6.82413386150802
"30";1.42857142857143;1.26460910391407;10;6.16439464246344;88.5714285714286;6.64784309968492
"31";1.42857142857143;1.26460910391407;10;6.01049327086489;88.5714285714286;6.49161512669205
"32";1.42857142857143;1.26460910391407;8.57142857142857;5.25742616649716;90;5.77970076420379
"33";1.42857142857143;1.26460910391407;7.14285714285714;4.79935150968067;91.4285714285714;5.38526453517894
"34";1.42857142857143;1.26460910391407;7.14285714285714;4.23951709414531;91.4285714285714;4.88805339560946
"35";1.42857142857143;1.26460910391407;7.14285714285714;4.21552096646871;91.4285714285714;4.86970707767086
"36";1.42857142857143;1.26460910391407;5.71428571428571;3.83917035633264;92.8571428571429;4.51886023945274
"37";1.42857142857143;1.26460910391407;4.28571428571429;3.17188689140138;92.8571428571429;3.81734785516497
"38";1.42857142857143;1.26460910391407;4.28571428571429;2.91503585935814;94.2857142857143;3.52645027380167
"39";1.42857142857143;1.26460910391407;2.85714285714286;2.44524718562003;94.2857142857143;3.09572003188488
"40";1.42857142857143;1.26460910391407;2.85714285714286;2.21205455274348;95.7142857142857;2.85296268978774
"41";1.42857142857143;1.26460910391407;2.85714285714286;2.18217890235992;95.7142857142857;2.85923064905985
"42";1.42857142857143;1.26460910391407;2.85714285714286;2.25744845281706;95.7142857142857;2.90478244785044
"43";1.42857142857143;1.29640744710433;2.85714285714286;2.14984853873379;95.7142857142857;2.90918981060736
"44";1.42857142857143;1.32992762321609;2.85714285714286;1.91441008835478;95.7142857142857;2.64542989317954
"45";1.42857142857143;1.34446278302046;2.85714285714286;1.77992258051135;95.7142857142857;2.45464197995493
"46";1.42857142857143;1.35608899014092;2.85714285714286;1.50128897298261;95.7142857142857;2.21363995242617
"47";1.42857142857143;1.36296226777576;2.85714285714286;1.18864327762549;95.7142857142857;1.96782066206056
"48";1.42857142857143;1.36296226777576;2.85714285714286;1.35332990490192;95.7142857142857;2.14590747485375
"49";1.42857142857143;1.36208941320799;2.85714285714286;1.26803623514085;95.7142857142857;1.86096842079694
"50";1.42857142857143;1.42857142857143;2.85714285714286;1.33456961856261;95.7142857142857;1.73365678919119
"51";1.42857142857143;1.34687005940295;2.85714285714286;1.51335700781626;95.7142857142857;1.51335700781626
"52";1.42857142857143;1.42857142857143;2.85714285714286;1.38832187972507;95.7142857142857;1.38832187972507
"53";1.42857142857143;1.42857142857143;2.85714285714286;1.23717914826348;95.7142857142857;1.23717914826348
"54";1.42857142857143;1.42857142857143;1.42857142857143;1.25988157669742;95.7142857142857;1.0378330817954
"55";1.42857142857143;1.01015254455221;2.85714285714286;1.07989849431208;95.7142857142857;1.01015254455221
"56";1.42857142857143;1.01015254455221;1.42857142857143;1.32260014253222;97.1428571428571;1.26629322918274
"57";1.42857142857143;0.782460796435951;1.42857142857143;1.27775312999988;97.1428571428571;1.01015254455221
"58";0;0.824786098842322;2.85714285714286;0.714285714285714;95.7142857142857;0.714285714285714
"59";0;0.824786098842322;2.85714285714286;0.714285714285714;95.7142857142857;0.714285714285714
"60";0;0.824786098842322;2.85714285714286;1.42857142857143;97.1428571428571;1.16642368703961
"61";0;0.824786098842322;2.85714285714286;0;95.7142857142857;0.824786098842322
"62";0;0.824786098842322;2.85714285714286;0;95.7142857142857;0.824786098842322
"63";0;0.824786098842322;1.42857142857143;1.42857142857143;97.1428571428571;2.18217890235992
"64";0;1.01015254455221;2.85714285714286;1.01015254455221;97.1428571428571;2.02030508910442
"65";0;1.01015254455221;2.85714285714286;1.01015254455221;97.1428571428571;2.02030508910442
"66";0;1.01015254455221;2.85714285714286;1.01015254455221;97.1428571428571;2.02030508910442
"67";0;1.01015254455221;1.42857142857143;0;97.1428571428571;1.01015254455221
"68";0;1.01015254455221;1.42857142857143;0;97.1428571428571;1.01015254455221
"69";0;1.01015254455221;1.42857142857143;0;97.1428571428571;1.01015254455221
"70";0;1.01015254455221;1.42857142857143;0;97.1428571428571;1.01015254455221
"71";0;1.01015254455221;1.42857142857143;0;97.1428571428571;1.01015254455221
"72";0;1.01015254455221;1.42857142857143;0;97.1428571428571;1.01015254455221
"73";0;1.01015254455221;1.42857142857143;0;97.1428571428571;1.01015254455221
"74";0;1.01015254455221;0;1.01015254455221;98.5714285714286;0
"75";0;NA;1.42857142857143;NA;98.5714285714286;NA
"76";0;NA;1.42857142857143;NA;98.5714285714286;NA
"77";0;NA;1.42857142857143;NA;98.5714285714286;NA
