"allS";"sdAllS";"allI";"sdAllI";"allR";"sdAllR"
"1";100;0;0;0;0;0
"2";100;0;0;0;0;0
"3";98.3333333333333;0;1.66666666666667;0;0;0
"4";95;2.58623210312378;5;2.61993035932624;0;0.683985568056769
"5";85;9.37209994131206;15;9.15908777602272;0;1.14707866935281
"6";71.6666666666667;16.0171691507064;26.6666666666667;14.5926661865729;1.66666666666667;2.2213082915966
"7";60;18.093325317714;35;15.3649559499866;3.33333333333333;4.60739299120865
"8";50;17.7727286324001;41.6666666666667;14.099427635515;8.33333333333333;5.15547741420919
"9";43.3333333333333;16.316272865882;45;12.5478615871134;11.6666666666667;7.16146281897786
"10";36.6666666666667;13.9086409256139;45;10.6578225396443;16.6666666666667;8.80050171350229
"11";31.6666666666667;10.9504465982787;45;6.99780667392391;21.6666666666667;8.76721364446648
"12";28.3333333333333;9.16507163156382;45;7.03946685248616;26.6666666666667;9.43738986613249
"13";26.6666666666667;7.84116816097289;43.3333333333333;6.56668447766754;30;9.54521404218423
"14";25;7.43588580202915;40;6.3355259362494;35;9.93068079502264
"15";23.3333333333333;6.74515203856754;36.6666666666667;6.84840016320028;38.3333333333333;10.1249503644729
"16";21.6666666666667;6.31703813192812;35;6.95169212435453;41.6666666666667;9.92073851240818
"17";20;5.78615002948789;33.3333333333333;7.08346233112672;45;9.46059849991575
"18";20;5.37755787090857;31.6666666666667;7.2401374740591;48.3333333333333;9.80623682672178
"19";18.3333333333333;5.28154682286404;30;6.71038298207203;50;8.87535519427597
"20";16.6666666666667;5.19994939246629;28.3333333333333;7.73983015060627;53.3333333333333;9.20208468625992
"21";16.6666666666667;5.21749194749951;25;6.90950273682379;56.6666666666667;8.38187615950131
"22";16.6666666666667;4.91075320862527;23.3333333333333;5.91360805548678;60;7.76622994028506
"23";16.6666666666667;4.46804770480326;21.6666666666667;6.28048122713892;61.6666666666667;7.67533834520995
"24";16.6666666666667;4.44261658319319;20;6.17661596631373;63.3333333333333;7.56018734877238
"25";15;3.8720395218127;18.3333333333333;6.59833400911976;65;7.87094367823611
"26";15;3.89931767910401;16.6666666666667;6.04321667957201;66.6666666666667;7.27287679272138
"27";15;3.76192062431223;16.6666666666667;6.34071591877235;68.3333333333333;7.43195251119482
"28";13.3333333333333;3.59804202765178;15;6.31703813192812;70;7.01085207258189
"29";13.3333333333333;3.66247767092968;13.3333333333333;6.23375080692251;71.6666666666667;6.47250143714168
"30";13.3333333333333;3.74243877080392;13.3333333333333;5.94504560549892;73.3333333333333;5.83082652903479
"31";13.3333333333333;3.72579910185297;11.6666666666667;5.64288093646835;75;5.68354040884266
"32";13.3333333333333;3.52414395893171;11.6666666666667;5.59605123937265;75;5.80569895455123
"33";13.3333333333333;3.49916447838389;10;5.17175753718132;75;5.45046808441085
"34";13.3333333333333;3.49916447838389;10;4.6161108665373;76.6666666666667;5.0581414888907
"35";13.3333333333333;3.50855262472545;8.33333333333333;4.33940195841837;76.6666666666667;4.67980606385795
"36";13.3333333333333;3.55717707907968;8.33333333333333;3.95885268984374;78.3333333333333;4.6350747705571
"37";13.3333333333333;3.55717707907968;6.66666666666667;4.0247770633113;78.3333333333333;4.69773492763187
"38";13.3333333333333;3.65192855847856;6.66666666666667;3.57778141004501;80;4.30520183417786
"39";13.3333333333333;3.73983352247509;6.66666666666667;3.436512277612;80;4.0944025881203
"40";11.6666666666667;3.82359556450936;6.66666666666667;3.46241304491062;80;4.21559960764561
"41";11.6666666666667;3.82359556450936;5;3.63632671727965;81.6666666666667;4.18853908291695
"42";11.6666666666667;3.82359556450936;5;3.50901558608192;81.6666666666667;4.05253031442304
"43";11.6666666666667;3.82359556450936;3.33333333333333;3.00800318664894;83.3333333333333;4.04048710706743
"44";11.6666666666667;3.82359556450936;3.33333333333333;2.82704841292908;83.3333333333333;4.16910260178657
"45";11.6666666666667;3.88304883620368;3.33333333333333;2.46250016127902;83.3333333333333;4.51033671192096
"46";11.6666666666667;3.95801082277482;3.33333333333333;2.51628681719816;83.3333333333333;4.55539613940743
"47";13.3333333333333;4.03543333760108;3.33333333333333;2.5;83.3333333333333;4.51207228402829
"48";13.3333333333333;4.03543333760108;3.33333333333333;1.9124349420065;83.3333333333333;4.04688952342596
"49";13.3333333333333;4.03543333760108;1.66666666666667;1.70782512765993;85;4.14857182029529
"50";13.3333333333333;4.14370965082372;1.66666666666667;1.16548867792178;85;4.13449115297362
"51";13.3333333333333;4.08248290463863;1.66666666666667;0.924500327042049;83.3333333333333;4.07375031088573
"52";13.3333333333333;4.08248290463863;1.66666666666667;0.924500327042049;83.3333333333333;4.07375031088573
"53";13.3333333333333;4.08248290463863;1.66666666666667;0.822580194654708;85;3.99429793010185
"54";13.3333333333333;2.89548586317364;1.66666666666667;0.898933149950989;85;3.31814722550115
"55";13.3333333333333;3.02254900194121;1.66666666666667;0.946077020329245;85;3.63878286529174
"56";13.3333333333333;2.69315547634241;1.66666666666667;0.734930919740164;83.3333333333333;3.00462606288666
"57";13.3333333333333;2.69315547634241;1.66666666666667;1.00154202096222;85;3.11804782231162
"58";15;2.51976315339485;1.66666666666667;1.15010926557059;83.3333333333333;1.88982236504614
"59";13.3333333333333;2.17306746840088;1.66666666666667;0.912870929175277;83.3333333333333;1.82574185835055
"60";13.3333333333333;2.52762514801718;3.33333333333333;1.49071198499986;83.3333333333333;1.82574185835055
"61";13.3333333333333;2.52762514801718;1.66666666666667;0.74535599249993;85;2.17306746840088
"62";11.6666666666667;3.02765035409749;1.66666666666667;1.82574185835055;85;2.52762514801718
"63";13.3333333333333;3.46944333244355;1.66666666666667;0.833333333333333;85;2.84637521276656
"64";13.3333333333333;3.46944333244355;1.66666666666667;0.833333333333333;85;2.84637521276656
"65";13.3333333333333;3.46944333244355;1.66666666666667;1.36082763487954;85;2.88675134594813
"66";11.6666666666667;4.19435246403931;1.66666666666667;0.962250448649376;85;3.46944333244355
"67";11.6666666666667;4.19435246403931;1.66666666666667;0.962250448649376;85;3.46944333244355
"68";11.6666666666667;4.19435246403931;1.66666666666667;0;85;4.19435246403931
"69";11.6666666666667;4.19435246403931;1.66666666666667;0;85;4.19435246403931
"70";11.6666666666667;4.19435246403931;1.66666666666667;0;85;4.19435246403931
"71";11.6666666666667;4.19435246403931;1.66666666666667;0.962250448649376;86.6666666666667;3.33333333333333
"72";10;2.35702260395516;1.66666666666667;0;88.3333333333333;2.35702260395516
"73";10;2.35702260395516;0;1.17851130197758;88.3333333333333;3.53553390593274
"74";11.6666666666667;NA;1.66666666666667;NA;86.6666666666667;NA
"75";11.6666666666667;NA;1.66666666666667;NA;86.6666666666667;NA
"76";11.6666666666667;NA;1.66666666666667;NA;86.6666666666667;NA
"77";11.6666666666667;NA;1.66666666666667;NA;86.6666666666667;NA
"78";11.6666666666667;NA;1.66666666666667;NA;86.6666666666667;NA
"79";11.6666666666667;NA;1.66666666666667;NA;86.6666666666667;NA
