"allS";"sdAllS";"allI";"sdAllI";"allR";"sdAllR"
"1";100;0;0;0;0;0
"2";100;0;0;0;0;0
"3";98.3333333333333;0;1.66666666666667;0;0;0
"4";96.6666666666667;1.78525474454599;3.33333333333333;1.73331646415543;0;0.372677996249965
"5";91.6666666666667;6.76246953058177;6.66666666666667;6.47758167277614;0;0.512989176042577
"6";85;13.4019615392455;13.3333333333333;12.7076322786212;0;1.33552451531005
"7";73.3333333333333;19.5194876049878;25;17.7631518783231;1.66666666666667;2.49756216421785
"8";60;25.2302586573509;35;21.8473497856735;5;4.64461512319644
"9";46.6666666666667;26.7536349877027;43.3333333333333;21.4163073293024;10;8.01233616769776
"10";36.6666666666667;25.5704888990045;50;18.597249791436;11.6666666666667;9.03120717589466
"11";26.6666666666667;21.6193816012094;53.3333333333333;13.4062334574842;18.3333333333333;10.5100589214102
"12";21.6666666666667;16.7807983029089;55;9.01590537370498;23.3333333333333;11.9541304396389
"13";16.6666666666667;14.3626790574601;53.3333333333333;9.42809041582064;28.3333333333333;13.4298407950979
"14";15;12.465677374722;50;7.73589390962006;33.3333333333333;13.428631171966
"15";13.3333333333333;11.0031302770365;46.6666666666667;8.0598395545584;40;14.2605249938218
"16";11.6666666666667;10.128319011756;41.6666666666667;7.4535599249993;45;13.5442623843
"17";11.6666666666667;8.68647459017282;38.3333333333333;8.10004853225098;48.3333333333333;14.0354836688788
"18";10;7.96148950509269;36.6666666666667;7.99101997619259;51.6666666666667;13.3126057210871
"19";10;7.7547696446584;33.3333333333333;8.0598395545584;55;12.5040604191423
"20";10;7.77777777777778;30;7.59710796176519;60;11.7982003231085
"21";10;7.26594949695273;28.3333333333333;7.43719643670964;61.6666666666667;11.0979454162758
"22";10;7.16463772902539;25;7.22334674106473;65;11.2614103567392
"23";10;7.07910377105955;23.3333333333333;6.05771462127002;66.6666666666667;10.1275170545109
"24";10;7.07910377105955;20;5.65409682585816;70;9.55558955522307
"25";8.33333333333333;6.6970554952675;18.3333333333333;5.27970109615283;71.6666666666667;8.62924896047346
"26";8.33333333333333;6.37902875030917;18.3333333333333;5.22247106536647;73.3333333333333;8.74146757476248
"27";8.33333333333333;6.44489814898166;15;4.4880897904912;75;8.35572041644003
"28";8.33333333333333;6.44489814898166;13.3333333333333;4.22714394584823;76.6666666666667;8.03258471190912
"29";8.33333333333333;6.44489814898166;11.6666666666667;4.18853908291695;78.3333333333333;8.0960366208943
"30";8.33333333333333;6.20868410249711;11.6666666666667;4.48084508876971;80;8.59907666893107
"31";8.33333333333333;6.20868410249711;10;4.08248290463863;80;8.16297605274491
"32";8.33333333333333;6.20868410249711;8.33333333333333;3.2041233992521;81.6666666666667;7.28269777003115
"33";8.33333333333333;6.20868410249711;8.33333333333333;3.436512277612;83.3333333333333;7.42189129773184
"34";8.33333333333333;6.20868410249711;6.66666666666667;2.96996006168958;83.3333333333333;7.05036185874039
"35";8.33333333333333;6.20868410249711;6.66666666666667;2.85847690010503;83.3333333333333;7.12484966725802
"36";8.33333333333333;6.20868410249711;5;2.90358385797154;85;6.90250493654009
"37";8.33333333333333;6.34486823670724;6.66666666666667;1.77928347185113;85;6.34325847688514
"38";8.33333333333333;6.34486823670724;5;1.74450584796806;85;6.34486823670724
"39";8.33333333333333;6.34486823670724;5;1.86338998124982;85;6.69113158068688
"40";8.33333333333333;6.34486823670724;5;1.74450584796806;85;6.83309420911114
"41";8.33333333333333;6.34486823670724;3.33333333333333;1.67887684211213;86.6666666666667;7.00285889331911
"42";10;6.46930072355984;3.33333333333333;1.70782512765993;86.6666666666667;6.93554985937322
"43";10;6.49989824910185;3.33333333333333;1.517098316388;85;6.89682083036362
"44";10;6.49989824910185;3.33333333333333;1.76683137896437;86.6666666666667;7.03731550548997
"45";10;6.50443635587991;3.33333333333333;1.2104550653376;86.6666666666667;6.55119782316127
"46";10;6.50443635587991;3.33333333333333;1.40316231023516;86.6666666666667;6.22262012507603
"47";8.33333333333333;3.9584739066357;3.33333333333333;1.08407272597998;88.3333333333333;4.36494061273536
"48";8.33333333333333;3.9584739066357;1.66666666666667;1.29375004301031;88.3333333333333;4.48962082549241
"49";8.33333333333333;3.79116019483424;3.33333333333333;1.11426320570254;88.3333333333333;4.02015126103685
"50";8.33333333333333;3.79116019483424;3.33333333333333;1.12366643743874;88.3333333333333;4.04883904880123
"51";8.33333333333333;3.78282491132808;3.33333333333333;1.11426320570254;88.3333333333333;4.04883904880123
"52";8.33333333333333;3.78282491132808;1.66666666666667;1.08556491213155;88.3333333333333;4.04103530422172
"53";8.33333333333333;3.78282491132808;1.66666666666667;0.962250448649376;88.3333333333333;3.98862017608733
"54";8.33333333333333;3.9632146935374;1.66666666666667;0.778498944161523;88.3333333333333;4.10099766132362
"55";8.33333333333333;3.9632146935374;1.66666666666667;0.778498944161523;88.3333333333333;4.10099766132362
"56";8.33333333333333;3.9632146935374;1.66666666666667;0.898933149950989;88.3333333333333;3.87949804104926
"57";8.33333333333333;4.28534683903931;1.66666666666667;0;88.3333333333333;4.28534683903931
"58";8.33333333333333;4.28534683903931;1.66666666666667;0.555555555555555;90;4.24918292799399
"59";8.33333333333333;4.54256762579498;1.66666666666667;0.58925565098879;90;4.40395745549855
"60";8.33333333333333;4.68590140289699;1.66666666666667;0;90;4.68590140289699
"61";8.33333333333333;4.68590140289699;1.66666666666667;0.629940788348712;90;4.98675494362064
"62";8.33333333333333;4.64478999246188;1.66666666666667;0;88.3333333333333;4.64478999246188
"63";8.33333333333333;4.64478999246188;1.66666666666667;0.680413817439772;90;4.59468291736341
"64";8.33333333333333;5.13701166914081;1.66666666666667;0;90;5.13701166914081
"65";8.33333333333333;5.13701166914081;1.66666666666667;0;90;5.13701166914081
"66";8.33333333333333;5.13701166914081;1.66666666666667;0;90;5.13701166914081
"67";8.33333333333333;5.13701166914081;1.66666666666667;0.74535599249993;90;5.57773351022717
"68";10;4.97679801865803;1.66666666666667;0.833333333333333;88.3333333333333;5.18187725171601
"69";10;6.00925212577332;1.66666666666667;0;88.3333333333333;6.00925212577332
"70";10;6.00925212577332;1.66666666666667;0;88.3333333333333;6.00925212577332
"71";10;6.00925212577332;1.66666666666667;0;88.3333333333333;6.00925212577332
"72";10;6.00925212577332;1.66666666666667;0;88.3333333333333;6.00925212577332
"73";10;6.00925212577332;0;0.962250448649376;88.3333333333333;6.93888666488711
"74";16.6666666666667;NA;1.66666666666667;NA;81.6666666666667;NA
"75";16.6666666666667;NA;1.66666666666667;NA;81.6666666666667;NA
"76";16.6666666666667;NA;1.66666666666667;NA;81.6666666666667;NA
