"allS";"sdAllS";"allI";"sdAllI";"allR";"sdAllR"
"1";100;0;0;0;0;0
"2";100;0;0;0;0;0
"3";99.0697674418605;0;0.930232558139535;0;0;0
"4";98.1395348837209;0.89784499999616;1.86046511627907;0.98116386556879;0;0.255869583358224
"5";96.2790697674419;2.13623288382447;3.72093023255814;2.08225162395262;0;0.467557851116311
"6";93.4883720930233;4.21525239302453;6.04651162790698;3.98761282565968;0.465116279069767;0.642005908343716
"7";89.3023255813954;7.17907351434968;8.83720930232558;6.47528764971829;1.3953488372093;1.0245902059318
"8";85.1162790697674;9.67723690236534;12.5581395348837;8.68774592214932;2.32558139534884;1.60696443338354
"9";80;12.1702411821078;16.2790697674419;10.4663130010708;3.25581395348837;2.43839002671942
"10";74.8837209302326;14.104668569071;19.5348837209302;11.6406050617255;5.58139534883721;3.40153022944866
"11";70.2325581395349;15.696355173723;21.8604651162791;12.3177499888954;7.44186046511628;4.307697859906
"12";66.9767441860465;16.4557469763865;23.2558139534884;12.3578939512693;9.76744186046512;5.13399625133803
"13";63.7209302325581;17.6178150499232;24.1860465116279;13.1057016127291;11.6279069767442;5.94735570000476
"14";61.3953488372093;18.5827747759608;24.1860465116279;13.334282129194;13.953488372093;6.86947316411346
"15";60.4651162790698;18.8937754735216;22.7906976744186;12.6188297316157;16.7441860465116;7.78273767157244
"16";59.5348837209302;19.1852490468888;21.3953488372093;11.8580648926101;19.0697674418605;8.84155661929627
"17";58.6046511627907;19.6157329100427;20;11.5880835809632;20.9302325581395;9.93205117799526
"18";58.1395348837209;19.864847492326;18.6046511627907;10.4467402924975;23.2558139534884;11.1693167378096
"19";58.1395348837209;19.9515367398141;16.7441860465116;9.18221105805161;25.1162790697674;12.4844613220256
"20";57.6744186046512;19.9916722863258;14.8837209302326;8.68397719735227;26.9767441860465;13.2266638194123
"21";57.6744186046512;20.0101167091879;13.953488372093;8.03680582875929;28.3720930232558;13.9399975582269
"22";57.6744186046512;19.9958864005606;12.5581395348837;7.28709948514352;29.7674418604651;14.3806306909002
"23";57.6744186046512;20.013075342179;11.1627906976744;7.00569269614764;31.1627906976744;14.7468461511952
"24";57.6744186046512;20.013075342179;10.2325581395349;6.35338407221773;32.093023255814;15.2628241648087
"25";57.6744186046512;20.013075342179;9.30232558139535;5.7355298282701;33.0232558139535;15.7896530119901
"26";57.6744186046512;20.013075342179;8.37209302325581;5.42681702307229;33.953488372093;16.1529649694706
"27";57.6744186046512;20.013075342179;7.44186046511628;4.99488793918691;34.8837209302326;16.2288962772813
"28";57.6744186046512;20.013075342179;6.97674418604651;4.50410102869423;35.3488372093023;16.6583547442248
"29";57.6744186046512;20.013075342179;6.51162790697674;4.2023346918826;35.8139534883721;16.9727867153411
"30";57.6744186046512;20.013075342179;5.58139534883721;3.70091003366499;36.7441860465116;17.2456528328127
"31";55.8139534883721;19.4821291000455;5.11627906976744;3.31186811207387;38.6046511627907;17.1413525041446
"32";55.8139534883721;19.4821291000455;4.65116279069767;3.09628397712402;39.0697674418605;17.3580014072505
"33";55.8139534883721;19.4821291000455;4.18604651162791;2.78457099814917;39.5348837209302;17.5707914316247
"34";55.8139534883721;19.4821291000455;4.18604651162791;2.79228387760144;40;17.6342532875388
"35";55.8139534883721;19.4821291000455;3.72093023255814;2.5288557945847;40;17.7106002282407
"36";54.4186046511628;18.5527662285443;3.72093023255814;2.30205457771452;41.8604651162791;17.0947783897577
"37";54.4186046511628;18.5527662285443;3.25581395348837;2.13590365736779;42.3255813953488;17.3092082864168
"38";54.4186046511628;18.5527662285443;2.7906976744186;1.99894987224162;42.7906976744186;17.4521629399638
"39";54.4186046511628;18.5527662285443;2.32558139534884;1.82749320701433;42.7906976744186;17.6230844664839
"40";52.5581395348837;17.2972573957792;2.32558139534884;1.51189095890721;44.6511627906977;16.5969549197366
"41";51.1627906976744;17.2616008182534;1.86046511627907;1.15149552782628;46.5116279069767;16.7704090526881
"42";51.1627906976744;17.2616008182534;1.86046511627907;1.05679700162807;46.5116279069767;17.0236952965679
"43";51.1627906976744;17.2616008182534;1.86046511627907;0.945609344618723;46.9767441860465;17.0691971262688
"44";51.1627906976744;17.2616008182534;1.3953488372093;0.952731785287041;46.9767441860465;17.1307393838395
"45";51.1627906976744;17.2616008182534;0.930232558139535;0.865999382559314;47.4418604651163;17.2373540491837
"46";51.1627906976744;17.2616008182534;0.930232558139535;0.791495265762098;47.4418604651163;17.2809893870421
"47";51.1627906976744;17.2616008182534;0.930232558139535;0.791495265762098;47.4418604651163;17.2809893870421
"48";51.1627906976744;17.2616008182534;0.930232558139535;0.718048755157173;47.4418604651163;17.1643032042933
"49";49.3023255813954;15.4053123905145;0.930232558139535;0.620708501644286;49.7674418604651;15.4186138378997
"50";50.2325581395349;15.4837291366565;0.930232558139535;0.628195596746703;48.8372093023256;15.4963138555698
"51";51.6279069767442;15.9998197213568;0.930232558139535;0.504011474163178;47.4418604651163;15.9219357724901
"52";51.6279069767442;15.9998197213568;0.930232558139535;0.576796469475417;47.4418604651163;15.9285221017602
"53";50.2325581395349;16.1643800456646;0.930232558139535;0.509509355818759;48.8372093023256;16.1603645493797
"54";50.2325581395349;16.1643800456646;0.930232558139535;0.509509355818759;48.8372093023256;16.1603645493797
"55";50.2325581395349;16.1643800456646;0.930232558139535;0.513354764000886;48.8372093023256;16.2299470267368
"56";50.2325581395349;16.1643800456646;0.930232558139535;0.601553293658477;48.8372093023256;16.3034550069751
"57";53.0232558139535;16.7352114909737;0.930232558139535;0.605445711310593;46.046511627907;16.690806386975
"58";51.1627906976744;16.9868672317217;0.930232558139535;0.555920283411346;47.4418604651163;17.0431731784164
"59";51.1627906976744;16.9868672317217;0.930232558139535;0.523717035562606;47.906976744186;17.0441931407052
"60";51.1627906976744;16.9868672317217;0.930232558139535;0.54184406745183;47.906976744186;17.1119406245158
"61";51.1627906976744;16.9868672317217;0.930232558139535;0.42610482851763;47.906976744186;17.1088926717203
"62";51.1627906976744;16.9868672317217;0.465116279069767;0.240720543956635;47.906976744186;17.0460062563043
"63";51.1627906976744;16.9868672317217;0.465116279069767;0.328886874970487;47.906976744186;17.1146494601966
"64";53.4883720930233;16.7287981464404;0.465116279069767;0.248615108755744;45.5813953488372;16.7644764474025
"65";53.4883720930233;16.7287981464404;0.465116279069767;0.351594858613235;45.5813953488372;16.8466166826355
"66";56.7441860465116;16.28217024738;0.930232558139535;0.25475467790938;42.3255813953488;16.2761902215142
"67";56.7441860465116;16.28217024738;0.465116279069767;0.379765851594291;42.7906976744186;16.3042993862003
"68";57.6744186046512;18.0366791723191;0.930232558139535;0.25475467790938;41.3953488372093;18.0120745511904
"69";57.6744186046512;18.0366791723191;0.930232558139535;0.25475467790938;41.3953488372093;18.0120745511904
"70";57.6744186046512;18.0366791723191;0.930232558139535;0.25475467790938;41.3953488372093;18.0120745511904
"71";57.6744186046512;18.0366791723191;0.465116279069767;0.208006323488353;41.8604651162791;17.9970552245361
"72";57.6744186046512;18.0366791723191;0.465116279069767;0.328886874970487;41.8604651162791;18.1383422386699
"73";62.7906976744186;15.4279146889507;0.465116279069767;0;36.2790697674419;15.4279146889507
"74";62.7906976744186;15.4279146889507;0.465116279069767;0.232558139534884;36.7441860465116;15.5472262160889
"75";66.9767441860465;16.2812844562172;0.465116279069767;0;32.5581395348837;16.2812844562172
"76";66.9767441860465;16.2812844562172;0.465116279069767;0;32.5581395348837;16.2812844562172
"77";66.9767441860465;16.2812844562172;0.465116279069767;0;32.5581395348837;16.2812844562172
"78";66.9767441860465;16.2812844562172;0.465116279069767;0;32.5581395348837;16.2812844562172
"79";66.9767441860465;16.2812844562172;0.465116279069767;0;32.5581395348837;16.2812844562172
"80";66.9767441860465;16.2812844562172;0.465116279069767;0;32.5581395348837;16.2812844562172
"81";66.9767441860465;16.2812844562172;0.465116279069767;0;32.5581395348837;16.2812844562172
"82";66.9767441860465;16.2812844562172;0.465116279069767;0;32.5581395348837;16.2812844562172
"83";66.9767441860465;16.2812844562172;0.465116279069767;0;32.5581395348837;16.2812844562172
"84";66.9767441860465;16.2812844562172;0.465116279069767;0;32.5581395348837;16.2812844562172
"85";66.9767441860465;16.2812844562172;0;0.268535008925407;33.0232558139535;16.5165403763393
"86";83.2558139534884;NA;0.465116279069767;NA;16.2790697674419;NA
"87";83.2558139534884;NA;0.465116279069767;NA;16.2790697674419;NA
"88";83.2558139534884;NA;0.465116279069767;NA;16.2790697674419;NA
"89";83.2558139534884;NA;0.465116279069767;NA;16.2790697674419;NA
"90";83.2558139534884;NA;0.465116279069767;NA;16.2790697674419;NA
"91";83.2558139534884;NA;0.465116279069767;NA;16.2790697674419;NA
"92";83.2558139534884;NA;0.465116279069767;NA;16.2790697674419;NA
