"allS";"sdAllS";"allI";"sdAllI";"allR";"sdAllR"
"1";100;0;0;0;0;0
"2";100;0;0;0;0;0
"3";98.3333333333333;0;1.66666666666667;0;0;0
"4";95;3.66347548532523;5;3.50438322025231;0;0.512989176042577
"5";86.6666666666667;8.35785864738036;13.3333333333333;8.16272729907501;0;0.978571581020666
"6";70;15.8861078006109;28.3333333333333;15.3941870247196;0;1.64681155694681
"7";46.6666666666667;22.5512736119375;50;20.9180732734562;3.33333333333333;3.13441563987752
"8";28.3333333333333;20.1636216346891;65;16.9146031927914;6.66666666666667;4.98242525317829
"9";16.6666666666667;13.400052369628;71.6666666666667;10.5336414567414;11.6666666666667;6.11476498953091
"10";8.33333333333333;6.59833400911976;73.3333333333333;6.93062953352682;18.3333333333333;7.089135910195
"11";5;3.80058475033046;68.3333333333333;6.01897584107451;25;7.44374614862343
"12";5;3.2172779166529;63.3333333333333;6.80288466505804;31.6666666666667;8.20916261729496
"13";3.33333333333333;2.78886675511359;60;6.63313937828054;36.6666666666667;7.39991702182022
"14";3.33333333333333;2.19482378836851;55;6.93484716941606;41.6666666666667;7.08965146496898
"15";1.66666666666667;1.61090944493043;51.6666666666667;6.15587011251092;45;6.58891058446375
"16";1.66666666666667;1.37596324580316;48.3333333333333;6.37750065620405;48.3333333333333;6.69456880329034
"17";1.66666666666667;1.20912708351669;45;7.02699473251263;51.6666666666667;7.29244983262851
"18";1.66666666666667;1.26525775752708;41.6666666666667;6.31703813192812;56.6666666666667;6.48660337864224
"19";1.66666666666667;1.31344820942069;38.3333333333333;5.98426298793527;60;6.20024051599132
"20";1.66666666666667;1.24193303395099;35;5.86083741496711;63.3333333333333;5.91360805548678
"21";1.66666666666667;1.24193303395099;31.6666666666667;5.44711415628303;66.6666666666667;5.48522736978565
"22";1.66666666666667;1.24193303395099;30;4.81454302726682;68.3333333333333;4.69851289152354
"23";1.66666666666667;1.24193303395099;26.6666666666667;5.35030195354917;71.6666666666667;5.43098646979421
"24";1.66666666666667;1.24193303395099;25;5.3877432917482;73.3333333333333;5.46386320926784
"25";1.66666666666667;1.1597539565641;23.3333333333333;4.445906192369;75;4.66415972763715
"26";1.66666666666667;1.06444395609751;21.6666666666667;4.53301727484411;76.6666666666667;4.63270852785858
"27";1.66666666666667;1.06444395609751;20;5.10131275387674;78.3333333333333;5.154768416418
"28";1.66666666666667;1.09491114221964;18.3333333333333;4.9699388726282;78.3333333333333;5.08049244746727
"29";1.66666666666667;1.09491114221964;18.3333333333333;4.72875365303704;80;4.8327283347913
"30";1.66666666666667;1.09491114221964;16.6666666666667;4.20508603217719;81.6666666666667;4.32167798254281
"31";1.66666666666667;1.09491114221964;15;4.11813845414228;83.3333333333333;4.19202807900957
"32";1.66666666666667;1.09491114221964;13.3333333333333;4.06093930885152;83.3333333333333;4.07890020723538
"33";1.66666666666667;1.09491114221964;13.3333333333333;3.91708657696789;85;3.98370217774066
"34";1.66666666666667;1.09491114221964;11.6666666666667;3.90961477888784;85;4.02750049458943
"35";1.66666666666667;1.09491114221964;11.6666666666667;4.06363850443624;86.6666666666667;4.11369841139127
"36";1.66666666666667;1.09491114221964;10;3.51583718495483;86.6666666666667;3.56538753911739
"37";1.66666666666667;1.09491114221964;10;3.35410196624968;88.3333333333333;3.38879301944733
"38";1.66666666666667;1.09491114221964;8.33333333333333;3.2172779166529;88.3333333333333;3.32894447911485
"39";1.66666666666667;1.09491114221964;8.33333333333333;2.935714743062;90;3.07199194382472
"40";1.66666666666667;1.09491114221964;8.33333333333333;2.98142396999972;90;3.11100668162243
"41";1.66666666666667;1.09491114221964;6.66666666666667;2.67515097677458;91.6666666666667;2.87533369535592
"42";1.66666666666667;1.09491114221964;6.66666666666667;2.64215710207527;91.6666666666667;2.83436513720342
"43";1.66666666666667;1.09491114221964;6.66666666666667;2.72523404220543;91.6666666666667;2.86642185817193
"44";1.66666666666667;1.09491114221964;5;2.83436513720342;91.6666666666667;3.0240265941465
"45";1.66666666666667;1.09491114221964;5;2.77177714436275;93.3333333333333;3.0240265941465
"46";1.66666666666667;1.09491114221964;5;2.71851997917856;93.3333333333333;2.98509944783257
"47";1.66666666666667;1.09491114221964;5;2.59892015362386;93.3333333333333;2.77836251155497
"48";1.66666666666667;1.09491114221964;3.33333333333333;2.44829574332506;93.3333333333333;2.68197361212603
"49";1.66666666666667;1.09491114221964;3.33333333333333;2.18146096225089;93.3333333333333;2.38630351054606
"50";1.66666666666667;1.09491114221964;3.33333333333333;2.15448668259915;95;2.44680242464796
"51";1.66666666666667;1.09491114221964;3.33333333333333;2.09426954145848;95;2.42429226424046
"52";1.66666666666667;1.08896049412492;3.33333333333333;2.07869854820775;95;2.34666201488109
"53";1.66666666666667;1.11518859678115;3.33333333333333;2.01888325940489;95;2.49181667198801
"54";1.66666666666667;1.11518859678115;3.33333333333333;2.25466513864841;95;2.63523138347365
"55";1.66666666666667;1.03189864561148;3.33333333333333;2.23347843641391;95;2.85246806714362
"56";1.66666666666667;1.02868899974728;3.33333333333333;1.72132593164774;95;2.34012616672488
"57";1.66666666666667;1.02868899974728;3.33333333333333;1.65071733645338;95;2.34577183516332
"58";1.66666666666667;1.02868899974728;3.33333333333333;1.80387589760722;95;2.42888264423601
"59";1.66666666666667;1.05553948962775;3.33333333333333;1.56269076979498;95;2.37315573274662
"60";1.66666666666667;1.05070861992686;1.66666666666667;1.75005087431139;95;2.53184841770917
"61";1.66666666666667;1.00503781525921;3.33333333333333;1.55699788832305;95;2.14381892797867
"62";1.66666666666667;1.05409255338946;3.33333333333333;1.40545673785261;95;2.10818510677892
"63";1.66666666666667;1.05409255338946;1.66666666666667;1.40545673785261;95;2.0487876571762
"64";1.66666666666667;1.00154202096222;1.66666666666667;1.46986183948033;95;1.86338998124982
"65";1.66666666666667;1.06811657410276;1.66666666666667;0.771516749810459;95;1.39087160066047
"66";1.66666666666667;1.06811657410276;1.66666666666667;0.771516749810459;95;1.39087160066047
"67";1.66666666666667;1.06811657410276;1.66666666666667;1.06811657410276;96.6666666666667;1.54303349962092
"68";1.66666666666667;1.15010926557059;1.66666666666667;0.813250060790444;95;1.49955901807073
"69";1.66666666666667;1.15010926557059;1.66666666666667;0.629940788348712;96.6666666666667;1.66666666666667
"70";1.66666666666667;1.15010926557059;1.66666666666667;0.629940788348712;96.6666666666667;1.66666666666667
"71";1.66666666666667;1.15010926557059;1.66666666666667;0.629940788348712;96.6666666666667;1.66666666666667
"72";1.66666666666667;1.15010926557059;1.66666666666667;0.629940788348712;96.6666666666667;1.66666666666667
"73";1.66666666666667;1.15010926557059;1.66666666666667;1.15010926557059;96.6666666666667;2.08927723509336
"74";1.66666666666667;1.17851130197758;1.66666666666667;0.74535599249993;95;1.82574185835055
"75";1.66666666666667;1.17851130197758;1.66666666666667;0.74535599249993;95;1.82574185835055
"76";1.66666666666667;1.17851130197758;1.66666666666667;0.74535599249993;95;1.82574185835055
"77";1.66666666666667;1.17851130197758;1.66666666666667;1.17851130197758;96.6666666666667;2.04124145231931
"78";1.66666666666667;1.36082763487954;1.66666666666667;0.833333333333333;95;2.09717623201965
"79";1.66666666666667;1.36082763487954;1.66666666666667;0.833333333333333;95;2.09717623201965
"80";1.66666666666667;1.36082763487954;1.66666666666667;0;96.6666666666667;1.36082763487954
"81";1.66666666666667;1.36082763487954;1.66666666666667;0;96.6666666666667;1.36082763487954
"82";1.66666666666667;1.36082763487954;1.66666666666667;0.833333333333333;96.6666666666667;1.59571184626056
"83";1.66666666666667;1.66666666666667;1.66666666666667;0.962250448649376;96.6666666666667;1.92450089729875
"84";1.66666666666667;2.35702260395516;1.66666666666667;0;96.6666666666667;2.35702260395516
"85";1.66666666666667;2.35702260395516;0;1.17851130197758;96.6666666666667;1.17851130197758
