"allS";"sdAllS";"allI";"sdAllI";"allR";"sdAllR"
"1";100;0;0;0;0;0
"2";100;0;0;0;0;0
"3";99.21875;0;0.78125;0;0;0
"4";97.65625;1.98412892175005;2.34375;1.93826584503255;0;0.240463676269958
"5";90.625;9.55782197128111;8.59375;9.41014178429281;0;0.531685193264625
"6";75;20.7565875001286;23.4375;20.085515356037;0.78125;1.52925151540498
"7";54.6875;26.086515656823;41.40625;23.7083069568271;3.125;2.91032067304552
"8";40.625;26.0837789980353;51.5625;21.5241482921845;7.8125;5.51424787220576
"9";29.6875;22.1954005372129;57.8125;16.6474884519021;12.5;7.03277273959555
"10";21.875;17.3748346709497;59.375;11.6515495241604;17.96875;8.03746815394362
"11";16.40625;11.5425966180392;58.59375;7.04012800458248;24.21875;7.88322337918479
"12";13.28125;6.79871536471267;57.03125;4.29490169335173;29.6875;8.02057522653748
"13";11.71875;5.20421986684985;52.34375;5.32624211620251;35.9375;8.82913774077707
"14";10.15625;4.15894981674658;48.4375;6.20040400479952;41.40625;8.85638355889832
"15";9.375;3.82032693486492;44.53125;7.24993934613668;46.09375;9.19781080436189
"16";8.59375;3.75578257860832;40.625;7.27107839028038;50;9.13531476868094
"17";7.8125;3.69735679601615;37.5;7.40508401881153;54.6875;8.99097734460004
"18";7.8125;3.56665270430945;33.59375;7.11426585752321;57.8125;8.4968453226341
"19";7.8125;3.6010128745379;30.46875;6.94004566460152;61.71875;8.19381912632931
"20";7.03125;3.57365104851054;28.125;6.28360392380032;64.0625;7.20029094819574
"21";7.03125;3.64632280548877;25;6.15475907377482;67.1875;7.00887847753065
"22";7.03125;3.70892311247345;22.65625;6.07713941689053;69.53125;6.86220608146236
"23";7.03125;3.70892311247345;19.53125;5.51392421862531;72.65625;6.40568167141005
"24";7.03125;3.82079405315668;17.96875;5.3003790819068;74.21875;6.41625991961003
"25";7.03125;3.87044998503053;16.40625;4.9702290086098;76.5625;5.92969198444036
"26";7.03125;3.91902151936235;14.84375;4.35678512931401;77.34375;5.53814574947886
"27";7.03125;3.91902151936235;13.28125;4.42869552688034;79.6875;5.58563477459463
"28";7.03125;3.91902151936235;11.71875;4.168379582121;80.46875;5.2168926379299
"29";7.03125;3.91902151936235;10.9375;3.73099166360093;82.03125;5.13552453536048
"30";7.03125;3.91902151936235;10.15625;3.59257783451883;82.8125;4.90808063586401
"31";7.03125;3.91902151936235;9.375;3.61140542969515;83.59375;4.73937246494476
"32";7.03125;3.91902151936235;7.8125;3.42732995166612;84.375;4.86021360240112
"33";7.03125;3.91902151936235;7.03125;3.19279530912411;85.15625;4.60995186077097
"34";7.03125;3.91902151936235;6.25;2.80731734966932;85.9375;4.6897838003791
"35";7.03125;3.91902151936235;5.46875;2.69178267837006;86.71875;4.47320211809476
"36";7.03125;3.91902151936235;5.46875;2.46112060432244;87.5;4.1927125898965
"37";7.03125;3.91902151936235;4.6875;2.45458568043022;87.5;4.093205205703
"38";7.03125;3.91902151936235;4.6875;2.1190065332286;88.28125;3.72907784369373
"39";7.03125;3.91902151936235;3.90625;2.07646895443044;88.28125;3.50201944142643
"40";7.03125;3.91902151936235;3.90625;2.02512572032307;88.28125;3.50252901137331
"41";7.03125;3.91902151936235;3.125;1.71392531232918;89.0625;3.44861308358772
"42";7.03125;3.91902151936235;3.125;1.47071420545353;89.84375;3.42003220660642
"43";7.03125;3.91902151936235;3.125;1.47797703582331;89.84375;3.4749053047281
"44";7.03125;3.91902151936235;2.34375;1.37410465599555;89.84375;3.6370115701699
"45";7.03125;3.91902151936235;2.34375;1.44747484739633;89.84375;3.72189225442944
"46";7.03125;4.01279333383536;2.34375;1.24411400148572;90.625;3.85044907153592
"47";7.03125;4.01279333383536;2.34375;1.1723004402028;90.625;3.72806424717249
"48";7.03125;4.01279333383536;1.5625;1.06533317238229;90.625;3.69582324754907
"49";7.03125;4.01279333383536;1.5625;1.08756860885299;90.625;3.65020746008141
"50";7.03125;4.01279333383536;1.5625;1.11294862484488;91.40625;3.68393084996895
"51";7.03125;4.06391378114598;1.5625;0.937882887498095;91.40625;3.81499567996392
"52";7.03125;4.06391378114598;0.78125;0.87858705396623;91.40625;3.93600797478531
"53";7.03125;4.06391378114598;0.78125;0.778372457994224;91.40625;4.00999637710477
"54";7.03125;4.17774000579136;0.78125;0.739441190859411;91.40625;4.07325299655672
"55";7.03125;4.05734563125063;0.78125;0.762421931991042;92.1875;4.10718329431439
"56";7.03125;4.01881093685108;0.78125;0.713963698018262;91.40625;3.86915768369792
"57";7.03125;4.15663857350735;0.78125;0.740102291743236;91.40625;3.88817935567832
"58";7.03125;4.09803803297346;0.78125;0.76932181862083;92.1875;3.85621362514154
"59";6.25;4.15006160961935;0.78125;0.364921380075714;92.1875;4.13935175535318
"60";6.25;4.15006160961935;0.78125;0.349385621484342;92.1875;4.01551722087409
"61";6.25;4.17966721827893;0.78125;0.247052942200655;92.96875;4.23207130343537
"62";6.25;4.35760430486498;0.78125;0.344498868628202;92.96875;4.34006075846327
"63";6.25;4.99080721146628;0.78125;0.295284744538459;92.96875;4.76742379205953
"64";4.6875;3.49385621484342;0.78125;0.403435765229939;94.53125;3.44695668911965
"65";4.6875;2.25527448902198;0.78125;0.390625;94.53125;2.50122040524721
"66";4.6875;2.25527448902198;0.78125;0;93.75;2.25527448902198
"67";4.6875;2.25527448902198;0.78125;0;93.75;2.25527448902198
"68";4.6875;2.25527448902198;0.78125;0.451054897804395;94.53125;2.06699321176921
"69";4.6875;2.76213586400995;0.78125;0;94.53125;2.76213586400995
"70";4.6875;2.76213586400995;0.78125;0;94.53125;2.76213586400995
"71";4.6875;2.76213586400995;0.78125;0;94.53125;2.76213586400995
"72";4.6875;2.76213586400995;0.78125;0;94.53125;2.76213586400995
"73";4.6875;2.76213586400995;0.78125;0;94.53125;2.76213586400995
"74";4.6875;2.76213586400995;0.78125;0;94.53125;2.76213586400995
"75";4.6875;2.76213586400995;0.78125;0;94.53125;2.76213586400995
"76";4.6875;2.76213586400995;0.78125;0;94.53125;2.76213586400995
"77";4.6875;2.76213586400995;0;0.55242717280199;95.3125;2.20970869120796
"78";2.34375;NA;0.78125;NA;96.875;NA
"79";2.34375;NA;0.78125;NA;96.875;NA
"80";2.34375;NA;0.78125;NA;96.875;NA
"81";2.34375;NA;0.78125;NA;96.875;NA
"82";2.34375;NA;0.78125;NA;96.875;NA
"83";2.34375;NA;0.78125;NA;96.875;NA
"84";2.34375;NA;0.78125;NA;96.875;NA
