"allS";"sdAllS";"allI";"sdAllI";"allR";"sdAllR"
"1";100;0;0;0;0;0
"2";100;0;0;0;0;0
"3";98.3333333333333;0;1.66666666666667;0;0;0
"4";95;3.14837747129444;5;3.19333186829253;0;0.610579247554205
"5";85;10.8559892052466;13.3333333333333;10.6695902426203;0;0.854981960070962
"6";66.6666666666667;22.7791726019608;30;21.74007173296;1.66666666666667;1.85729048867749
"7";46.6666666666667;28.2997927196271;48.3333333333333;25.291600041906;5;4.87591117678753
"8";33.3333333333333;30.2538956601357;56.6666666666667;24.2565098061089;10;8.22726616177768
"9";23.3333333333333;27.4565164235678;61.6666666666667;20.6313740398269;15;10.6565515765311
"10";16.6666666666667;23.8998113045304;61.6666666666667;17.2791857863126;21.6666666666667;11.6631647405284
"11";10;16.2603662260086;63.3333333333333;10.4826342545675;25;12.060068881972
"12";6.66666666666667;10.6191112093158;60;9.13094644637323;33.3333333333333;12.179720367697
"13";5;7.47545001596402;53.3333333333333;9.0161438360977;40;12.6138605162806
"14";5;6.04483520699601;50;9.30268954011358;45;12.5960363098458
"15";3.33333333333333;4.40031193190201;45;9.65076447241154;50;11.53018913279
"16";3.33333333333333;4.46939483555419;40;9.25094943016538;55;10.6594261577757
"17";3.33333333333333;4.33955059267722;36.6666666666667;9.06697123190878;60;10.4894515953524
"18";3.33333333333333;3.92952623996688;33.3333333333333;8.29648716906169;63.3333333333333;9.35195970515257
"19";3.33333333333333;3.92952623996688;30;7.66032346285426;65;8.32229661301691
"20";3.33333333333333;3.70203529959901;28.3333333333333;7.81866586750658;68.3333333333333;8.33578395339317
"21";3.33333333333333;3.70203529959901;25;6.2491829531307;71.6666666666667;6.94428104382925
"22";3.33333333333333;3.70203529959901;21.6666666666667;5.71661950475029;73.3333333333333;6.01095133466512
"23";3.33333333333333;3.70203529959901;20;4.85492136269049;75;5.21984022994419
"24";3.33333333333333;3.70203529959901;16.6666666666667;5.13502327670358;78.3333333333333;6.03130450126074
"25";3.33333333333333;3.70203529959901;16.6666666666667;4.99795709899542;80;6.09698307479848
"26";3.33333333333333;3.42997170285018;15;5.39683397868269;81.6666666666667;6.37377439199098
"27";3.33333333333333;3.42997170285018;13.3333333333333;5.30715080558322;81.6666666666667;6.53359843399731
"28";3.33333333333333;3.18608596727233;13.3333333333333;5.53140174176114;83.3333333333333;6.81962997098644
"29";3.33333333333333;3.18608596727233;11.6666666666667;5.64832672313154;85;7.06528843385709
"30";3.33333333333333;3.18608596727233;10;5.54431051484018;85;7.17999217142326
"31";3.33333333333333;3.18608596727233;10;5.36647180257598;86.6666666666667;7.14720339292714
"32";3.33333333333333;2.97731071354122;8.33333333333333;5.71125765942035;86.6666666666667;7.33338903722159
"33";3.33333333333333;2.81147857269194;8.33333333333333;5.13502327670358;88.3333333333333;6.58652814016432
"34";3.33333333333333;2.90075022224456;6.66666666666667;4.38721838813447;88.3333333333333;6.11237360696408
"35";3.33333333333333;2.90075022224456;6.66666666666667;4.69312933584436;90;6.39733740910435
"36";3.33333333333333;2.90075022224456;6.66666666666667;4.06970514902493;90;5.76949192191453
"37";3.33333333333333;2.90075022224456;5;3.67675380172762;91.6666666666667;5.42520694263089
"38";3.33333333333333;2.90075022224456;5;3.62603752712905;91.6666666666667;5.47616890955035
"39";3.33333333333333;2.90075022224456;3.33333333333333;2.78886675511359;91.6666666666667;4.76168154238722
"40";3.33333333333333;2.90075022224456;3.33333333333333;2.5;91.6666666666667;4.49150432607062
"41";3.33333333333333;2.90075022224456;3.33333333333333;2.59763068683468;93.3333333333333;4.58964212273842
"42";3.33333333333333;2.90075022224456;3.33333333333333;2.65274141918074;93.3333333333333;4.70298368650749
"43";3.33333333333333;2.98585731664189;3.33333333333333;2.47741117652402;93.3333333333333;4.52798470653839
"44";3.33333333333333;3.09594243888022;3.33333333333333;2.30794666892843;93.3333333333333;4.69620427093355
"45";3.33333333333333;3.09594243888022;3.33333333333333;2.22717701593687;93.3333333333333;4.65048213919634
"46";3.33333333333333;3.21919987935634;3.33333333333333;2.31125081760512;93.3333333333333;5.01777467390303
"47";3.33333333333333;3.10790780254031;3.33333333333333;2.59499648053841;93.3333333333333;4.89579975273246
"48";3.33333333333333;3.11399577664609;1.66666666666667;2.89548586317364;93.3333333333333;4.70331926634926
"49";3.33333333333333;3.52616823674969;3.33333333333333;3.25300024316178;93.3333333333333;5.5872113989835
"50";3.33333333333333;3.80058475033046;3.33333333333333;3.56162676107214;93.3333333333333;6.27310543924234
"51";3.33333333333333;3.83695481107378;3.33333333333333;2.98142396999972;91.6666666666667;5.19080383413248
"52";3.33333333333333;3.83695481107378;1.66666666666667;2.52762514801718;93.3333333333333;4.91596040125087
"53";3.33333333333333;4.40958551844098;1.66666666666667;2.09717623201965;93.3333333333333;5.33593686452737
"54";5;5;3.33333333333333;1.92450089729875;91.6666666666667;5.3575837561072
"55";5;5;1.66666666666667;0.962250448649376;91.6666666666667;5.09175077217316
"56";5;5;1.66666666666667;0.962250448649376;91.6666666666667;5.09175077217316
"57";5;5;1.66666666666667;0;93.3333333333333;5
"58";5;5;1.66666666666667;0.962250448649376;93.3333333333333;5.09175077217316
"59";5;7.07106781186548;1.66666666666667;0;93.3333333333333;7.07106781186548
"60";5;7.07106781186548;1.66666666666667;0;93.3333333333333;7.07106781186548
"61";5;7.07106781186548;1.66666666666667;0;93.3333333333333;7.07106781186548
"62";5;7.07106781186548;0;1.17851130197758;93.3333333333333;8.24957911384305
"63";10;NA;1.66666666666667;NA;88.3333333333333;NA
"64";10;NA;1.66666666666667;NA;88.3333333333333;NA
"65";10;NA;1.66666666666667;NA;88.3333333333333;NA
"66";10;NA;1.66666666666667;NA;88.3333333333333;NA
"67";10;NA;1.66666666666667;NA;88.3333333333333;NA
