"allS";"sdAllS";"allI";"sdAllI";"allR";"sdAllR"
"1";100;0;0;0;0;0
"2";100;0;0;0;0;0
"3";99.21875;0;0.78125;0;0;0
"4";97.65625;1.59505557979388;2.34375;1.62053013149166;0;0.174692810742171
"5";89.0625;10.8237595153085;10.9375;10.7720689359651;0;0.286209022291034
"6";64.84375;24.016424615579;33.59375;23.1428851534048;0.78125;1.14483608916414
"7";35.9375;23.8431932451688;60.15625;21.6134273628744;3.90625;3.03577859255442
"8";21.09375;20.1601064752175;70.3125;17.1130973663778;8.59375;5.19701346616215
"9";13.28125;14.3498053030351;72.65625;11.2071565306204;13.28125;6.46475213353353
"10";9.375;7.1660048367141;71.09375;4.94286445666025;19.53125;6.69822318266752
"11";6.25;3.65121391809052;68.75;5.12961343843547;24.21875;6.88298023352547
"12";5.46875;2.45749223642828;64.84375;5.42122467639546;29.6875;6.2205193786007
"13";4.6875;2.19186854933709;60.15625;5.91130436367227;35.15625;6.3676786878222
"14";3.90625;1.84626340233567;56.25;7.1786948671987;39.0625;7.27230551438246
"15";3.90625;1.8131001350672;52.34375;6.61996646887102;43.75;6.88038689473724
"16";3.90625;1.8826370418537;48.4375;6.53230968067608;46.875;6.84345542638221
"17";3.90625;1.96701021939805;45.3125;5.93961565877596;50.78125;6.21764973810172
"18";3.125;1.88358475751496;41.40625;5.33193523084452;54.6875;5.60700093007167
"19";3.125;1.86070636091504;38.28125;4.91933979889757;57.8125;4.9784807389239
"20";3.125;1.87503807222555;35.15625;5.02877150095777;60.9375;4.96340201452074
"21";3.125;1.87503807222555;32.8125;4.12837047199261;64.0625;4.10322104276678
"22";3.125;1.87503807222555;29.6875;4.59172067003458;66.40625;4.49707634272645
"23";3.125;1.87503807222555;27.34375;4.23506429700668;68.75;4.29157617857253
"24";3.125;1.90618858351834;25;4.35022617169304;71.875;4.35678512931401
"25";3.125;1.90618858351834;22.65625;3.90670684463053;73.4375;3.99523999491383
"26";3.125;1.90618858351834;21.09375;3.62028958931828;75;3.83803746331507
"27";3.125;1.90618858351834;19.53125;3.58860154350015;76.5625;3.91400910678702
"28";3.125;1.90618858351834;17.96875;3.44809554579182;78.125;3.82032693486492
"29";3.125;1.90618858351834;16.40625;3.12842465856192;79.6875;3.45688315081969
"30";3.125;1.90618858351834;15.625;3.01335659729414;80.46875;3.23223803426679
"31";3.125;1.90618858351834;14.0625;2.90663905149193;82.03125;3.25589356822848
"32";3.125;1.90618858351834;13.28125;2.68181922896147;83.59375;2.79137923206045
"33";3.125;1.90618858351834;11.71875;2.40166624054929;84.375;2.66043916310262
"34";3.125;1.90618858351834;10.9375;2.07130574141415;85.15625;2.5276590386449
"35";3.125;1.90618858351834;10.15625;2.1131028219621;86.71875;2.61032714314224
"36";3.125;1.90618858351834;9.375;1.96610271751842;86.71875;2.54595015811432
"37";3.125;1.90618858351834;8.59375;2.09954628861941;87.5;2.73845117023638
"38";3.125;1.90618858351834;7.8125;2.46329505970551;88.28125;3.07955349307976
"39";3.125;1.90618858351834;7.03125;2.25369128455236;89.0625;2.84143859698544
"40";3.125;1.90618858351834;7.03125;2.07302824128888;89.84375;2.67915605131454
"41";3.125;1.90618858351834;6.25;1.95700455339351;89.84375;2.56828348198941
"42";3.125;1.90618858351834;5.46875;1.96610271751842;90.625;2.42312002284293
"43";3.125;1.90618858351834;4.6875;1.81113044395334;91.40625;2.31540486509973
"44";3.125;1.90618858351834;4.6875;1.76420974887106;91.40625;2.37100382291752
"45";3.125;1.90618858351834;3.90625;1.7335964976085;92.1875;2.44584528823403
"46";3.125;1.94724400543628;3.90625;1.23526471100327;92.1875;2.04467815115975
"47";3.125;1.94724400543628;3.90625;1.14126344720367;92.96875;2.24018887162568
"48";3.125;1.94724400543628;3.125;1.09851756215118;93.75;2.30513533161479
"49";3.125;1.94724400543628;3.125;1.01056510431805;93.75;2.04516585018903
"50";3.125;1.94724400543628;2.34375;1.12276238981671;93.75;2.11422033371295
"51";3.125;1.94724400543628;2.34375;1.12276238981671;93.75;2.08381198545529
"52";3.125;1.94724400543628;2.34375;1.13072848223216;94.53125;2.0756598879846
"53";3.125;1.94724400543628;2.34375;1.04548930948233;94.53125;1.99180449749718
"54";3.125;1.94724400543628;1.5625;1.05687428374144;94.53125;2.02753478110807
"55";3.125;1.6450504913302;1.5625;0.977710722030941;94.53125;1.91834848021524
"56";3.125;1.6450504913302;1.5625;0.916096828090514;95.3125;1.90308130745266
"57";3.125;1.65036173236544;1.5625;0.747989927934639;95.3125;1.88082320567075
"58";3.125;1.65036173236544;1.5625;0.747989927934639;95.3125;1.88082320567075
"59";3.125;1.65036173236544;1.5625;0.727304168946299;95.3125;2.00135757147648
"60";3.125;1.65036173236544;1.5625;0.747989927934639;95.3125;2.11021877414158
"61";3.125;1.57546702731814;1.5625;0.77377375146252;95.3125;1.98522724949635
"62";3.125;1.63384506331967;1.5625;0.725611509112551;95.3125;2.02022446196383
"63";3.125;1.63384506331967;1.5625;0.853069084529951;95.3125;2.01357349918178
"64";3.125;1.64748745152599;1.5625;0.60820230012619;95.3125;1.9743168499883
"65";3.125;1.64748745152599;1.5625;0.619501141483406;95.3125;1.86471294199955
"66";3.125;1.64748745152599;1.5625;0.619501141483406;95.3125;1.86471294199955
"67";3.125;1.64748745152599;0.78125;0.619501141483406;95.3125;1.89911107345468
"68";3.125;1.70513720788893;0.78125;0.632062371059289;95.3125;2.01809551732455
"69";3.125;1.76815054133;0.78125;0.658807845868412;95.3125;2.01885910867857
"70";3.125;1.86429961761411;0.78125;0.759238527974649;95.3125;2.03391918643402
"71";3.125;1.67906013339237;1.5625;0.614684212866752;95.3125;2.18324415939304
"72";3.125;1.67906013339237;1.5625;0.614684212866752;95.3125;2.18324415939304
"73";3.125;1.67906013339237;0.78125;0.835191380976326;96.09375;2.45873685146701
"74";3.125;1.7815241017174;1.5625;0.698771242968684;95.3125;2.4331892972496
"75";3.125;1.7815241017174;1.5625;0.698771242968684;95.3125;2.4331892972496
"76";3.125;1.7815241017174;1.5625;0.698771242968684;95.3125;2.4331892972496
"77";3.125;1.7815241017174;1.5625;0.698771242968684;95.3125;2.4331892972496
"78";3.125;1.7815241017174;1.5625;0.698771242968684;95.3125;2.4331892972496
"79";3.125;1.7815241017174;0.78125;0.855816496101822;95.3125;2.50731352123144
"80";3.125;2.05465284349733;0.78125;0.983051358759212;95.3125;2.95776476343764
"81";3.90625;2.38675817445617;1.5625;0.90210979560879;94.53125;3.25260312416583
"82";3.90625;2.38675817445617;0.78125;0;95.3125;2.38675817445617
"83";3.90625;2.38675817445617;0.78125;0;95.3125;2.38675817445617
"84";3.90625;2.38675817445617;0.78125;0.451054897804395;95.3125;2.74365983147207
"85";4.6875;2.20970869120796;0.78125;0;94.53125;2.20970869120796
"86";4.6875;2.20970869120796;0.78125;0;94.53125;2.20970869120796
"87";4.6875;2.20970869120796;0.78125;0;94.53125;2.20970869120796
"88";4.6875;2.20970869120796;0.78125;0;94.53125;2.20970869120796
"89";4.6875;2.20970869120796;0.78125;0;94.53125;2.20970869120796
"90";4.6875;2.20970869120796;0.78125;0;94.53125;2.20970869120796
"91";4.6875;2.20970869120796;0.78125;0;94.53125;2.20970869120796
"92";4.6875;2.20970869120796;0.78125;0;94.53125;2.20970869120796
"93";4.6875;2.20970869120796;0.78125;0;94.53125;2.20970869120796
"94";4.6875;2.20970869120796;0.78125;0;94.53125;2.20970869120796
"95";4.6875;2.20970869120796;0;0.55242717280199;94.53125;2.76213586400995
"96";6.25;NA;0.78125;NA;92.96875;NA
"97";6.25;NA;0.78125;NA;92.96875;NA
"98";6.25;NA;0.78125;NA;92.96875;NA
"99";6.25;NA;0.78125;NA;92.96875;NA
"100";6.25;NA;0.78125;NA;92.96875;NA
"101";6.25;NA;0.78125;NA;92.96875;NA
"102";6.25;NA;0.78125;NA;92.96875;NA
"103";6.25;NA;0.78125;NA;92.96875;NA
"104";6.25;NA;0.78125;NA;92.96875;NA
"105";6.25;NA;0.78125;NA;92.96875;NA
"106";6.25;NA;0.78125;NA;92.96875;NA
"107";6.25;NA;0.78125;NA;92.96875;NA
