"allS";"sdAllS";"allI";"sdAllI";"allR";"sdAllR"
"1";100;0;0;0;0;0
"2";100;0;0;0;0;0
"3";98.3333333333333;0;1.66666666666667;0;0;0
"4";96.6666666666667;2.35081172990814;3.33333333333333;2.37401872618577;0;0.372677996249965
"5";93.3333333333333;5.04366895139125;6.66666666666667;5.05163397802664;0;0.978571581020666
"6";86.6666666666667;9.64122483786521;11.6666666666667;9.46639176769138;0;0.978571581020666
"7";75;14.9978068572147;23.3333333333333;13.6326062517911;1.66666666666667;1.89451346961422
"8";60;22.3076574060875;35;19.447034079852;3.33333333333333;3.67144823792229
"9";46.6666666666667;24.8884940183797;45;20.5115500196969;6.66666666666667;6.34302121458339
"10";35;24.1793675034211;53.3333333333333;18.6229123795682;11.6666666666667;8.85019905944566
"11";25;20.0073086061274;56.6666666666667;14.3502042693858;18.3333333333333;9.00414134737504
"12";16.6666666666667;14.8146442485308;58.3333333333333;9.94539183307779;23.3333333333333;11.0219743298855
"13";11.6666666666667;9.91041746189361;58.3333333333333;8.72374926104543;28.3333333333333;11.1407134904378
"14";8.33333333333333;6.63313937828054;56.6666666666667;9.27606175256649;35;11.2338252794565
"15";6.66666666666667;5.01168225891541;53.3333333333333;9.71674866806601;40;11.0103619457054
"16";5;4.40875657106672;48.3333333333333;9.96008114295607;45;10.9811108418792
"17";5;3.76192062431223;45;9.93068079502264;50;10.0419441979556
"18";3.33333333333333;3.65148371670111;40;8.86010507772363;55;9.09461314757772
"19";3.33333333333333;3.48241194898825;36.6666666666667;7.76622994028506;60;8.65349876845617
"20";3.33333333333333;3.14837747129444;31.6666666666667;6.74244216258393;63.3333333333333;7.98893606278112
"21";3.33333333333333;2.97528808374694;30;6.49110952950084;66.6666666666667;7.78878711214799
"22";3.33333333333333;2.81495588032693;25;6.47532428233548;70;7.3925045016569
"23";3.33333333333333;2.81495588032693;23.3333333333333;5.88572959500325;73.3333333333333;7.13845938134982
"24";3.33333333333333;2.81495588032693;21.6666666666667;5.14341116017115;75;6.59778006259575
"25";3.33333333333333;2.81495588032693;20;4.8206124189326;76.6666666666667;6.13862757772547
"26";3.33333333333333;2.81495588032693;16.6666666666667;4.4021193726159;78.3333333333333;5.63185904096595
"27";3.33333333333333;2.81495588032693;15;4.23712359676574;80;5.06968977216209
"28";3.33333333333333;2.81495588032693;13.3333333333333;4.94043467084042;81.6666666666667;5.44174357163356
"29";3.33333333333333;2.81495588032693;11.6666666666667;4.30812505859194;85;4.99341671867228
"30";3.33333333333333;2.87533369535592;10;4.27490980035481;85;4.99341671867228
"31";3.33333333333333;2.87533369535592;10;4.22329933937218;86.6666666666667;4.66023993559451
"32";3.33333333333333;2.87533369535592;8.33333333333333;4.19812684489737;88.3333333333333;4.49170775947092
"33";3.33333333333333;2.87533369535592;8.33333333333333;3.90306522218819;88.3333333333333;4.02023391132337
"34";3.33333333333333;2.9507545757995;6.66666666666667;3.25442668490679;88.3333333333333;3.40087516925116
"35";3.33333333333333;2.9507545757995;6.66666666666667;2.63985054807641;90;2.90358385797154
"36";3.33333333333333;2.9507545757995;6.66666666666667;2.62751473035255;90;2.7923593886113
"37";3.33333333333333;2.9507545757995;5;2.41489314502409;91.6666666666667;3.03488489333442
"38";3.33333333333333;2.9507545757995;5;2.50405778549785;91.6666666666667;3.17099837106009
"39";3.33333333333333;3.0012252399939;5;2.3396273654474;91.6666666666667;3.11477083998501
"40";3.33333333333333;3.0012252399939;3.33333333333333;2.28664780190012;91.6666666666667;3.08842981024508
"41";3.33333333333333;2.91865011923638;3.33333333333333;2.19162969973049;93.3333333333333;3.41395556394523
"42";3.33333333333333;2.91865011923638;3.33333333333333;2.31490740555563;93.3333333333333;3.44097047034376
"43";1.66666666666667;3.01232038038355;3.33333333333333;1.99204768222399;93.3333333333333;3.55605155270598
"44";3.33333333333333;3.04624511154458;3.33333333333333;1.4876372921733;93.3333333333333;3.49646603376534
"45";3.33333333333333;3.07202245065396;3.33333333333333;1.26592420885458;93.3333333333333;3.23024347913171
"46";3.33333333333333;3.07202245065396;3.33333333333333;1.20835175346997;93.3333333333333;3.01350237783158
"47";3.33333333333333;3.07202245065396;3.33333333333333;1.61236320341141;93.3333333333333;3.20256307610174
"48";3.33333333333333;3.27216605738014;1.66666666666667;1.14591941825388;93.3333333333333;3.45241827118209
"49";3.33333333333333;3.31476308670584;3.33333333333333;1.17851130197758;93.3333333333333;3.04797038318782
"50";3.33333333333333;3.2394177193585;3.33333333333333;0.878410461157883;93.3333333333333;3.27495170070878
"51";3.33333333333333;3.2394177193585;3.33333333333333;0.878410461157883;93.3333333333333;3.27495170070878
"52";3.33333333333333;3.2394177193585;3.33333333333333;0.878410461157883;93.3333333333333;3.27495170070878
"53";3.33333333333333;3.2394177193585;1.66666666666667;1.17851130197758;95;3.16715395860872
"54";3.33333333333333;3.44313211047133;3.33333333333333;0.890870806374748;93.3333333333333;3.14181981438015
"55";3.33333333333333;3.44313211047133;1.66666666666667;0.862581949177943;95;3.33333333333333
"56";3.33333333333333;3.44313211047133;1.66666666666667;1.39087160066047;95;3.42145425314284
"57";3.33333333333333;3.45607355888795;3.33333333333333;0.912870929175277;95;3.33333333333333
"58";3.33333333333333;3.45607355888795;1.66666666666667;1.25462108784847;95;2.91865011923638
"59";1.66666666666667;2.5;1.66666666666667;0.833333333333333;96.6666666666667;2.35702260395516
"60";1.66666666666667;2.5;1.66666666666667;0.833333333333333;96.6666666666667;2.35702260395516
"61";1.66666666666667;2.5;1.66666666666667;0.833333333333333;96.6666666666667;2.35702260395516
"62";1.66666666666667;2.5;1.66666666666667;0.833333333333333;96.6666666666667;2.88675134594813
"63";1.66666666666667;2.88675134594813;1.66666666666667;0;96.6666666666667;2.88675134594813
"64";1.66666666666667;2.88675134594813;1.66666666666667;0.962250448649376;96.6666666666667;3.46944333244355
"65";3.33333333333333;3.53553390593274;1.66666666666667;0;95;3.53553390593274
"66";3.33333333333333;3.53553390593274;1.66666666666667;0;95;3.53553390593274
"67";3.33333333333333;3.53553390593274;1.66666666666667;0;95;3.53553390593274
"68";3.33333333333333;3.53553390593274;1.66666666666667;0;95;3.53553390593274
"69";3.33333333333333;3.53553390593274;1.66666666666667;0;95;3.53553390593274
"70";3.33333333333333;3.53553390593274;1.66666666666667;0;95;3.53553390593274
"71";3.33333333333333;3.53553390593274;1.66666666666667;0;95;3.53553390593274
"72";3.33333333333333;3.53553390593274;1.66666666666667;0;95;3.53553390593274
"73";3.33333333333333;3.53553390593274;1.66666666666667;0;95;3.53553390593274
"74";3.33333333333333;3.53553390593274;1.66666666666667;0;95;3.53553390593274
"75";3.33333333333333;3.53553390593274;0;1.17851130197758;96.6666666666667;2.35702260395516
"76";0;NA;1.66666666666667;NA;98.3333333333333;NA
"77";0;NA;1.66666666666667;NA;98.3333333333333;NA
"78";0;NA;1.66666666666667;NA;98.3333333333333;NA
"79";0;NA;1.66666666666667;NA;98.3333333333333;NA
"80";0;NA;1.66666666666667;NA;98.3333333333333;NA
"81";0;NA;1.66666666666667;NA;98.3333333333333;NA
"82";0;NA;1.66666666666667;NA;98.3333333333333;NA
"83";0;NA;1.66666666666667;NA;98.3333333333333;NA
"84";0;NA;1.66666666666667;NA;98.3333333333333;NA
"85";0;NA;1.66666666666667;NA;98.3333333333333;NA
"86";0;NA;1.66666666666667;NA;98.3333333333333;NA
"87";0;NA;1.66666666666667;NA;98.3333333333333;NA
"88";0;NA;1.66666666666667;NA;98.3333333333333;NA
"89";0;NA;1.66666666666667;NA;98.3333333333333;NA
"90";0;NA;1.66666666666667;NA;98.3333333333333;NA
"91";0;NA;1.66666666666667;NA;98.3333333333333;NA
"92";0;NA;1.66666666666667;NA;98.3333333333333;NA
"93";0;NA;1.66666666666667;NA;98.3333333333333;NA
