"allS";"sdAllS";"allI";"sdAllI";"allR";"sdAllR"
"1";100;0;0;0;0;0
"2";100;0;0;0;0;0
"3";99.21875;0;0.78125;0;0;0
"4";96.875;2.18742657301577;3.125;2.23104854519567;0;0.240463676269958
"5";81.25;14.1463902478673;18.75;14.0470086050116;0;0.454994316685796
"6";55.46875;27.5823057677498;43.75;26.7167835106164;0.78125;1.27157235127127
"7";36.71875;30.5379050998796;58.59375;28.0330311813892;3.90625;2.88692444296705
"8";25;26.6834968862102;65.625;22.5232091503289;8.59375;4.99136910412621
"9";14.0625;15.5034563621786;71.875;11.1320610415052;14.0625;6.55440185389031
"10";8.59375;6.58753665363705;71.09375;5.21655053539253;19.53125;7.14055711879261
"11";6.25;3.59257783451883;66.40625;5.31953653364168;26.5625;6.47027095998978
"12";5.46875;3.03224930022474;60.9375;6.27365543465629;32.8125;7.15578672943131
"13";4.6875;2.58904601452946;57.03125;6.23026626963649;37.5;6.84475921488808
"14";4.6875;2.37701779281389;53.125;6.53258287904849;42.1875;6.71472194975884
"15";3.90625;2.33000354712289;48.4375;6.36403416673461;46.875;6.55222322599104
"16";3.90625;2.34222660042403;44.53125;6.37608117050248;50.78125;6.3108107070305
"17";3.90625;2.26238519869643;40.625;5.56129917142116;54.6875;5.56611067845361
"18";3.90625;2.36195415698378;37.5;5.28317932076701;57.8125;5.47787980602214
"19";3.90625;2.36195415698378;35.15625;5.223046651963;60.9375;5.28621863923802
"20";3.90625;2.39869203972957;32.03125;4.93672267920769;64.0625;5.13517701212981
"21";3.90625;2.39869203972957;28.90625;5.1573712895642;66.40625;5.59074456162052
"22";3.90625;2.40166624054929;26.5625;5.60286162901111;69.53125;5.62352766630899
"23";3.90625;2.34679383245145;23.4375;4.51331776357644;71.875;4.67949792124712
"24";3.90625;2.34679383245145;21.875;4.338724137135;74.21875;4.48992740469322
"25";3.90625;2.34679383245145;20.3125;4.32925317674399;75;4.55464757256079
"26";3.90625;2.34679383245145;18.75;4.08927928730073;77.34375;4.63851106552208
"27";3.90625;2.34679383245145;17.96875;3.5975420179487;78.125;4.26487871152001
"28";3.90625;2.34679383245145;16.40625;3.47336421278828;79.6875;4.1162485526624
"29";3.90625;2.34679383245145;15.625;3.2657450084975;80.46875;4.00371820402446
"30";3.90625;2.34679383245145;14.0625;3.17092082809179;82.03125;3.92857291191967
"31";3.90625;2.34679383245145;12.5;2.64361567857246;83.59375;3.62226088790668
"32";3.90625;2.34679383245145;11.71875;2.31231971400914;84.375;3.51219679343135
"33";3.90625;2.34679383245145;10.9375;2.42753506450485;85.15625;3.55512551724239
"34";3.90625;2.34679383245145;10.15625;2.32309981773446;85.9375;3.40853275351701
"35";3.90625;2.34679383245145;8.59375;2.34907411849462;86.71875;3.17766747577886
"36";3.90625;2.34679383245145;8.59375;2.12153166604098;87.5;2.96078012232394
"37";3.90625;2.34679383245145;7.8125;2.07646895443044;88.28125;2.98419535565069
"38";3.90625;2.34679383245145;7.03125;2.03216353726229;89.0625;3.02989415478186
"39";3.90625;2.34679383245145;6.25;1.99135644789136;89.84375;2.94991040539434
"40";3.90625;2.34679383245145;5.46875;1.78932074335143;90.625;2.95776476343764
"41";3.90625;2.34679383245145;5.46875;1.58967595037259;90.625;3.02989415478186
"42";3.90625;2.34679383245145;4.6875;1.7530469636602;90.625;3.30917437605962
"43";3.90625;2.34679383245145;4.6875;1.65242856064228;91.40625;3.12042794195535
"44";3.90625;2.34679383245145;4.6875;1.65350822659259;91.40625;3.15285918838267
"45";3.90625;2.34679383245145;3.90625;1.70557483482208;92.1875;3.17710580233642
"46";3.90625;2.34679383245145;3.90625;1.54758045155025;92.1875;3.00980101305018
"47";3.90625;2.34679383245145;3.125;1.49717234697603;92.96875;2.92865935906643
"48";3.90625;2.34679383245145;3.125;1.61086513013063;92.96875;3.08534322087028
"49";3.90625;2.34679383245145;3.125;1.63068513219613;92.96875;3.07955349307976
"50";3.90625;2.34679383245145;3.125;1.69507889000717;92.96875;3.19223629742252
"51";3.90625;2.34679383245145;2.34375;1.37410465599555;93.75;2.97940723326349
"52";3.90625;2.34679383245145;2.34375;1.33991104692423;93.75;2.99553647298191
"53";3.90625;2.34679383245145;2.34375;1.17377708695212;93.75;2.89494969479266
"54";3.90625;2.34679383245145;1.5625;1.13670104806005;94.53125;2.91705824439101
"55";3.90625;2.34679383245145;1.5625;1.13198116173004;94.53125;2.83892516120211
"56";3.125;2.17697045631011;1.5625;1.10123779139776;94.53125;2.85132291779376
"57";3.125;2.17697045631011;1.5625;0.995651864772604;94.53125;2.71258680416662
"58";3.125;2.28607420131243;1.5625;0.896453879065547;95.3125;2.79826766421172
"59";3.125;2.31881578009634;1.5625;0.702918289720654;95.3125;2.67391708721226
"60";3.125;2.31881578009634;1.5625;0.651413584244369;95.3125;2.58886875747929
"61";3.125;2.40169890361518;1.5625;0.667851886144617;95.3125;2.70942552030291
"62";3.90625;2.3785477676879;1.5625;0.599959099834613;94.53125;2.58809141017776
"63";3.90625;2.3785477676879;0.78125;0.40537072004904;95.3125;2.42900496174188
"64";3.90625;2.3785477676879;0.78125;0.375300360480673;95.3125;2.44665901271902
"65";3.90625;2.3785477676879;0.78125;0.43335952830096;95.3125;2.41608463094947
"66";3.125;2.33485528100536;0.78125;0.522310877673064;95.3125;2.47800456593362
"67";3.125;2.23412610307575;0.78125;0.329403922934206;95.3125;2.27622639410543
"68";3.125;2.23412610307575;0.78125;0.247052942200655;95.3125;2.27175296745462
"69";3.125;2.23412610307575;0.78125;0.443473603279333;95.3125;2.31316854075026
"70";3.125;2.19982180183337;0.78125;0.276213586400995;95.3125;2.24639700980696
"71";3.125;2.19982180183337;0.78125;0.276213586400995;95.3125;2.24639700980696
"72";3.125;2.19982180183337;0.78125;0;95.3125;2.19982180183337
"73";3.125;2.19982180183337;0.78125;0.276213586400995;95.3125;2.14716886245212
"74";3.125;2.29993772560621;0.78125;0.295284744538459;96.09375;2.18324415939304
"75";3.125;2.25075942045124;0.78125;0;96.09375;2.25075942045124
"76";3.125;2.25075942045124;0.78125;0;96.09375;2.25075942045124
"77";3.125;2.25075942045124;0.78125;0.318943976924893;96.09375;2.24623527633832
"78";2.34375;2.50731352123144;0.78125;0.349385621484342;96.09375;2.23715954113693
"79";1.5625;1.73230920516277;0.78125;0;96.875;1.73230920516277
"80";1.5625;1.73230920516277;0.78125;0.390625;97.65625;1.91366386154936
"81";2.34375;1.96610271751842;0.78125;0;96.875;1.96610271751842
"82";2.34375;1.96610271751842;0.78125;0;96.875;1.96610271751842
"83";2.34375;1.96610271751842;0.78125;0;96.875;1.96610271751842
"84";2.34375;1.96610271751842;0.78125;0.451054897804395;96.875;1.62630156208292
"85";1.5625;1.65728151840597;0.78125;0;97.65625;1.65728151840597
"86";1.5625;1.65728151840597;0.78125;0;97.65625;1.65728151840597
"87";1.5625;1.65728151840597;0;0.55242717280199;98.4375;1.10485434560398
"88";0;NA;0.78125;NA;99.21875;NA
"89";0;NA;0.78125;NA;99.21875;NA
"90";0;NA;0.78125;NA;99.21875;NA
"91";0;NA;0.78125;NA;99.21875;NA
"92";0;NA;0.78125;NA;99.21875;NA
"93";0;NA;0.78125;NA;99.21875;NA
"94";0;NA;0.78125;NA;99.21875;NA
"95";0;NA;0.78125;NA;99.21875;NA
"96";0;NA;0.78125;NA;99.21875;NA
"97";0;NA;0.78125;NA;99.21875;NA
"98";0;NA;0.78125;NA;99.21875;NA
"99";0;NA;0.78125;NA;99.21875;NA
"100";0;NA;0.78125;NA;99.21875;NA
"101";0;NA;0.78125;NA;99.21875;NA
"102";0;NA;0.78125;NA;99.21875;NA
"103";0;NA;0.78125;NA;99.21875;NA
"104";0;NA;0.78125;NA;99.21875;NA
"105";0;NA;0.78125;NA;99.21875;NA
"106";0;NA;0.78125;NA;99.21875;NA
"107";0;NA;0.78125;NA;99.21875;NA
"108";0;NA;0.78125;NA;99.21875;NA
"109";0;NA;0.78125;NA;99.21875;NA
"110";0;NA;0.78125;NA;99.21875;NA
"111";0;NA;0.78125;NA;99.21875;NA
"112";0;NA;0.78125;NA;99.21875;NA
"113";0;NA;0.78125;NA;99.21875;NA
"114";0;NA;0.78125;NA;99.21875;NA
"115";0;NA;0.78125;NA;99.21875;NA
"116";0;NA;0.78125;NA;99.21875;NA
"117";0;NA;0.78125;NA;99.21875;NA
"118";0;NA;0.78125;NA;99.21875;NA
"119";0;NA;0.78125;NA;99.21875;NA
"120";0;NA;0.78125;NA;99.21875;NA
"121";0;NA;0.78125;NA;99.21875;NA
"122";0;NA;0.78125;NA;99.21875;NA
"123";0;NA;0.78125;NA;99.21875;NA
