"allS";"sdAllS";"allI";"sdAllI";"allR";"sdAllR"
"1";100;0;0;0;0;0
"2";100;0;0;0;0;0
"3";98.3333333333333;0;1.66666666666667;0;0;0
"4";96.6666666666667;2.26045330029333;3.33333333333333;2.26045330029333;0;0
"5";86.6666666666667;9.06603454968821;13.3333333333333;8.94222848580809;0;0.610579247554205
"6";71.6666666666667;16.8637470602556;28.3333333333333;15.9354968068;0;1.73331646415543
"7";51.6666666666667;21.8800223975424;45;20.2838050803594;3.33333333333333;2.83436513720342
"8";31.6666666666667;21.779564164709;61.6666666666667;18.2285682859183;6.66666666666667;5.60583968701311
"9";20;16.2965482658174;68.3333333333333;12.1741145192365;10;6.46402550513178
"10";10;8.41668837933625;73.3333333333333;7.0066801876111;16.6666666666667;8.33289472529948
"11";6.66666666666667;5.32839683821476;70;6.58447136510553;21.6666666666667;8.89304544629912
"12";5;3.5210312152427;66.6666666666667;9.04019613718809;26.6666666666667;10.6910357596463
"13";3.33333333333333;2.5520889276702;63.3333333333333;8.9552983434977;33.3333333333333;10.1595459676605
"14";3.33333333333333;2.23606797749979;58.3333333333333;8.82372864125495;36.6666666666667;9.78534230247508
"15";1.66666666666667;1.83173774266262;55;8.97486744269993;43.3333333333333;9.42809041582064
"16";1.66666666666667;1.83173774266262;50;8.57500447547323;48.3333333333333;9.06442180671544
"17";1.66666666666667;1.8015587792486;46.6666666666667;8.97364562424178;51.6666666666667;8.9654959126121
"18";1.66666666666667;1.8015587792486;43.3333333333333;7.69056154270319;53.3333333333333;7.652446766915
"19";1.66666666666667;1.86338998124982;38.3333333333333;7.65626678301061;58.3333333333333;7.7062289683269
"20";1.66666666666667;1.76051560762135;36.6666666666667;7.14255429600259;60;7.26030221850947
"21";1.66666666666667;1.81570471876101;33.3333333333333;7.57564194489107;63.3333333333333;7.8267049223489
"22";1.66666666666667;1.81570471876101;31.6666666666667;7.4980504288727;66.6666666666667;7.76105135459462
"23";1.66666666666667;1.81570471876101;28.3333333333333;6.87131081240703;68.3333333333333;7.0171052494509
"24";1.66666666666667;1.81570471876101;26.6666666666667;5.83082652903479;71.6666666666667;6.11775290321498
"25";1.66666666666667;1.78525474454599;23.3333333333333;5.63185904096595;73.3333333333333;5.93520077058346
"26";1.66666666666667;1.78525474454599;23.3333333333333;6.14814668028823;75;6.50854139658888
"27";1.66666666666667;1.78525474454599;21.6666666666667;6.16239776376293;76.6666666666667;6.58447136510553
"28";1.66666666666667;1.78525474454599;20;6.62266178532522;76.6666666666667;7.04828791786342
"29";1.66666666666667;1.78525474454599;18.3333333333333;5.45046808441085;78.3333333333333;5.97509450853833
"30";1.66666666666667;1.78525474454599;18.3333333333333;5.12632809777933;80;5.678393438886
"31";1.66666666666667;1.78525474454599;16.6666666666667;5.31122060617758;80;5.91051694239309
"32";1.66666666666667;1.78525474454599;15;5.06896877524852;81.6666666666667;5.60062131056256
"33";1.66666666666667;1.78525474454599;15;4.69150657232074;83.3333333333333;5.37687815683509
"34";1.66666666666667;1.78525474454599;13.3333333333333;5.01168225891541;83.3333333333333;5.58297327982813
"35";1.66666666666667;1.78525474454599;11.6666666666667;4.12788973740948;85;4.72875365303704
"36";1.66666666666667;1.78525474454599;11.6666666666667;4.09945795874961;85;4.62876210195461
"37";1.66666666666667;1.78525474454599;11.6666666666667;4.20508603217719;86.6666666666667;4.53301727484411
"38";1.66666666666667;1.78525474454599;10;4.48763733927875;86.6666666666667;4.81454302726682
"39";1.66666666666667;1.78525474454599;10;4.08248290463863;86.6666666666667;4.42282754680441
"40";1.66666666666667;1.78525474454599;10;4.07800404107994;88.3333333333333;4.2328083664001
"41";1.66666666666667;1.78525474454599;8.33333333333333;3.83409603396431;88.3333333333333;4.14908571623939
"42";1.66666666666667;1.78525474454599;8.33333333333333;3.51583718495483;90;3.62233971753614
"43";1.66666666666667;1.78525474454599;6.66666666666667;3.62233971753614;90;3.59804202765178
"44";1.66666666666667;1.78525474454599;6.66666666666667;3.62738125055006;90;3.70316760252593
"45";1.66666666666667;1.78525474454599;6.66666666666667;3.13441563987752;91.6666666666667;3.28473342665893
"46";1.66666666666667;1.78525474454599;6.66666666666667;3.26576249570641;91.6666666666667;3.51583718495483
"47";1.66666666666667;1.78525474454599;5;3.06365221790606;91.6666666666667;3.39418146778532
"48";1.66666666666667;1.78525474454599;5;3.03368033488517;91.6666666666667;3.39741043455434
"49";1.66666666666667;1.83373201406727;5;2.34666201488109;93.3333333333333;2.84708850063962
"50";1.66666666666667;1.83373201406727;5;2.01923820709001;93.3333333333333;2.65518972742608
"51";1.66666666666667;1.83373201406727;3.33333333333333;1.67153285707093;93.3333333333333;2.50405778549785
"52";1.66666666666667;1.83373201406727;3.33333333333333;1.69085757833929;93.3333333333333;2.41152743865676
"53";1.66666666666667;1.83373201406727;3.33333333333333;1.88182373212913;93.3333333333333;2.3878346647046
"54";1.66666666666667;1.84994455156458;3.33333333333333;1.30984207998896;95;2.27869422023011
"55";1.66666666666667;1.84994455156458;3.33333333333333;1.46367292003652;95;2.44214092295709
"56";1.66666666666667;1.85239643408737;3.33333333333333;1.1698136827237;95;2.16742068327786
"57";1.66666666666667;1.85239643408737;3.33333333333333;1.1957167566324;95;2.27769806970371
"58";1.66666666666667;1.9124349420065;1.66666666666667;1.04858811600983;95;2.43194404784564
"59";1.66666666666667;1.9124349420065;1.66666666666667;1.17359056523765;95;2.57974661402871
"60";1.66666666666667;1.97872279901555;1.66666666666667;1.20624477409291;95;2.6626954557266
"61";1.66666666666667;2.05242642071627;1.66666666666667;1.37570050975926;95;2.75140101951852
"62";1.66666666666667;1.94083358813553;1.66666666666667;1.11426320570254;95;2.61116483933547
"63";1.66666666666667;1.94083358813553;1.66666666666667;1.44337567297406;95;2.95875121532865
"64";1.66666666666667;1.93250301454734;1.66666666666667;1.1653431646335;95;2.49072353016221
"65";1.66666666666667;1.93250301454734;1.66666666666667;1.1653431646335;95;2.49072353016221
"66";1.66666666666667;1.93250301454734;1.66666666666667;1.1653431646335;95;2.49072353016221
"67";1.66666666666667;1.93250301454734;1.66666666666667;1.53156097245447;95;2.74985970461435
"68";1.66666666666667;2.1707836343822;1.66666666666667;1.06811657410276;95;2.67261241912424
"69";3.33333333333333;2.12069670093451;1.66666666666667;1.36082763487954;95;2.12069670093451
"70";1.66666666666667;2.17306746840088;1.66666666666667;0.74535599249993;95;1.90029237516523
"71";1.66666666666667;2.17306746840088;1.66666666666667;1.17851130197758;95;1.82574185835055
"72";1.66666666666667;2.35702260395516;1.66666666666667;0.833333333333333;95;2.09717623201965
"73";1.66666666666667;2.35702260395516;1.66666666666667;0;96.6666666666667;2.35702260395516
"74";1.66666666666667;2.35702260395516;1.66666666666667;0;96.6666666666667;2.35702260395516
"75";1.66666666666667;2.35702260395516;1.66666666666667;0.833333333333333;96.6666666666667;2.84637521276656
"76";1.66666666666667;2.54587538608658;1.66666666666667;0;95;2.54587538608658
"77";1.66666666666667;2.54587538608658;1.66666666666667;0;95;2.54587538608658
"78";1.66666666666667;2.54587538608658;1.66666666666667;0;95;2.54587538608658
"79";1.66666666666667;2.54587538608658;1.66666666666667;0;95;2.54587538608658
"80";1.66666666666667;2.54587538608658;1.66666666666667;0;95;2.54587538608658
"81";1.66666666666667;2.54587538608658;1.66666666666667;0;95;2.54587538608658
"82";1.66666666666667;2.54587538608658;1.66666666666667;0;95;2.54587538608658
"83";1.66666666666667;2.54587538608658;1.66666666666667;0;95;2.54587538608658
"84";1.66666666666667;2.54587538608658;1.66666666666667;0.962250448649376;96.6666666666667;1.66666666666667
"85";0;1.17851130197758;0;1.17851130197758;98.3333333333333;0
"86";0;NA;1.66666666666667;NA;98.3333333333333;NA
"87";0;NA;1.66666666666667;NA;98.3333333333333;NA
"88";0;NA;1.66666666666667;NA;98.3333333333333;NA
"89";0;NA;1.66666666666667;NA;98.3333333333333;NA
