"allS";"sdAllS";"allI";"sdAllI";"allR";"sdAllR"
"1";100;0;0;0;0;0
"2";100;0;0;0;0;0
"3";99.21875;0;0.78125;0;0;0
"4";96.875;2.73319993548506;3.125;2.73319993548506;0;0
"5";88.28125;11.1252535222074;11.71875;10.9518086621737;0;0.320618235026611
"6";71.875;22.9041213356259;26.5625;21.7137501344497;0.78125;1.48826533136603
"7";53.90625;28.4103534034666;41.40625;24.8245022260876;3.90625;4.40922934921142
"8";40.625;26.1203034213305;50.78125;20.9742824859829;8.59375;6.29340907944835
"9";28.90625;22.4645931664668;57.03125;16.9830751996221;13.28125;8.26360069978538
"10";22.65625;18.064141816659;57.8125;12.9142775428254;18.75;9.49374834876636
"11";17.96875;12.9475666205629;56.25;7.3762883227427;25.78125;10.3206581566383
"12";14.0625;6.84418557854422;54.6875;6.2390683593465;31.25;10.5623972034471
"13";11.71875;4.50205402455003;50.78125;7.17640734409782;36.71875;9.80338096112328
"14";10.15625;4.00050752331238;47.65625;7.9570306948912;41.40625;9.47681486815218
"15";9.375;3.87963796879483;42.96875;8.31214754891899;46.875;8.88550431804632
"16";9.375;3.93982283197715;39.0625;7.58763561506308;50.78125;7.93853922434394
"17";8.59375;4.00993158236275;35.9375;6.60618974198232;55.46875;6.84371620395405
"18";8.59375;4.0468130837572;32.8125;6.29545048860213;58.59375;6.46860201171936
"19";8.59375;4.05771320975235;30.46875;6.06797009732033;60.9375;6.45866216179715
"20";7.8125;4.0673996263454;27.34375;5.71800397779956;64.0625;6.14843462641209
"21";7.8125;4.09082829397135;25;5.84565279146719;66.40625;6.33981518492041
"22";7.8125;4.12932140069808;22.65625;5.72011034115314;68.75;6.52398531224901
"23";7.8125;4.12932140069808;20.3125;4.88532007979747;71.875;5.87087686889309
"24";7.8125;4.17477538150494;17.96875;4.45993679150395;73.4375;5.90796736901857
"25";7.8125;4.17477538150494;16.40625;4.32593344191915;75;5.69379531584024
"26";7.8125;4.17477538150494;14.84375;4.06423925319817;76.5625;5.73245208330044
"27";7.8125;4.17477538150494;13.28125;4.10180724520414;78.125;5.76277274871129
"28";7.8125;4.2193591178201;11.71875;3.86989662882139;79.6875;5.59591346724507
"29";7.8125;4.24800256612554;10.9375;3.92675539023465;80.46875;5.91666075468416
"30";7.8125;4.24800256612554;9.375;3.68602048541709;82.03125;5.94496155121248
"31";7.8125;4.24800256612554;8.59375;3.39948892915403;82.8125;5.81051448119564
"32";7.8125;4.24800256612554;7.8125;2.91519165984868;84.375;5.46522442748357
"33";7.8125;4.24800256612554;7.03125;2.85956373406463;84.375;5.50621564897583
"34";7.8125;4.24800256612554;6.25;2.5758812006193;85.15625;5.36736376166177
"35";7.8125;4.24800256612554;5.46875;2.40830771125128;85.9375;5.34937857618208
"36";7.8125;4.24800256612554;5.46875;2.43252909121459;86.71875;5.33780616456737
"37";7.8125;4.24800256612554;4.6875;2.10358000278692;87.5;5.10100488358602
"38";7.8125;4.24800256612554;3.90625;1.92162091816388;87.5;5.23526480064712
"39";7.8125;4.24800256612554;3.125;1.8361343329537;88.28125;5.12049003263771
"40";7.8125;4.24800256612554;3.125;1.77248536201364;88.28125;5.09013004039435
"41";7.8125;4.24800256612554;3.125;1.58038692771197;89.0625;4.82927059096811
"42";7.8125;4.24800256612554;2.34375;1.48664559716798;89.0625;4.76414180974792
"43";8.59375;4.14390369335605;2.34375;1.33457273467482;89.0625;4.5224032664972
"44";8.59375;4.14390369335605;2.34375;1.27297507905716;89.0625;4.42990428699753
"45";8.59375;4.14390369335605;2.34375;1.16001244967734;89.0625;4.38251560500853
"46";8.59375;4.14390369335605;1.5625;0.981688847558661;89.84375;4.40404544929369
"47";8.59375;4.14390369335605;1.5625;0.898144458629708;89.84375;4.39512133586976
"48";8.59375;4.14390369335605;1.5625;0.97438994447238;89.84375;4.40566607324893
"49";8.59375;4.06391378114598;1.5625;0.842663758546266;89.84375;4.2104773949982
"50";8.59375;4.06391378114598;1.5625;0.847384600854126;89.84375;4.12529243615814
"51";8.59375;4.30249395866199;1.5625;0.78125;89.84375;4.26688158765543
"52";7.8125;4.18499503079013;1.5625;0.735253084464313;89.84375;4.20162972384639
"53";7.8125;4.18499503079013;1.5625;0.869294750412792;89.84375;4.26752012890335
"54";8.59375;4.32817489904587;1.5625;0.805901149434753;89.84375;4.40345314945249
"55";8.59375;4.29364548056591;1.5625;0.754146327471424;89.84375;4.31780799817348
"56";8.59375;4.29364548056591;1.5625;0.619501141483406;89.84375;4.37947890325038
"57";8.59375;4.29364548056591;0.78125;0.703387997951969;89.84375;4.43612601434535
"58";9.375;4.29461459139657;1.5625;0.640780884581816;89.0625;4.32294518975621
"59";9.375;4.29461459139657;0.78125;0.537149727306507;89.0625;4.18997976101643
"60";9.375;4.29461459139657;0.78125;0.537149727306507;89.0625;4.18997976101643
"61";9.375;4.29461459139657;0.78125;0.349385621484342;89.84375;4.29461459139657
"62";8.59375;4.43779341752933;0.78125;0.247052942200655;89.84375;4.48416024940692
"63";8.59375;4.43779341752933;0.78125;0.329403922934206;89.84375;4.26002188472469
"64";7.8125;4.01494965485581;0.78125;0.276213586400995;91.40625;4.14977509878978
"65";8.59375;3.84626563052986;0.78125;0.295284744538459;90.625;4.05591269967451
"66";9.375;3.0458732327528;0.78125;0.318943976924893;89.84375;3.02240440467795
"67";9.375;3.3783981735062;0.78125;0;89.84375;3.3783981735062
"68";9.375;3.3783981735062;0.78125;0;89.84375;3.3783981735062
"69";9.375;3.3783981735062;0.78125;0.427908248050911;89.84375;3.77109949567099
"70";11.71875;1.62630156208292;0.78125;0;87.5;1.62630156208292
"71";11.71875;1.62630156208292;0.78125;0.451054897804395;87.5;1.19337908722808
"72";10.9375;0.55242717280199;0;0.55242717280199;89.0625;0
"73";10.15625;NA;0.78125;NA;89.0625;NA
"74";10.15625;NA;0.78125;NA;89.0625;NA
"75";10.15625;NA;0.78125;NA;89.0625;NA
"76";10.15625;NA;0.78125;NA;89.0625;NA
"77";10.15625;NA;0.78125;NA;89.0625;NA
"78";10.15625;NA;0.78125;NA;89.0625;NA
"79";10.15625;NA;0.78125;NA;89.0625;NA
"80";10.15625;NA;0.78125;NA;89.0625;NA
"81";10.15625;NA;0.78125;NA;89.0625;NA
"82";10.15625;NA;0.78125;NA;89.0625;NA
