"allS";"sdAllS";"allI";"sdAllI";"allR";"sdAllR"
"1";100;0;0;0;0;0
"2";100;0;0;0;0;0
"3";98.3333333333333;0;1.66666666666667;0;0;0
"4";93.3333333333333;4.56515533961921;6.66666666666667;4.67980606385795;0;0.740436097198865
"5";80;14.3868340559015;20;14.1048703794488;0;1.24193303395099
"6";56.6666666666667;21.4106178076622;40;20.3562329109191;1.66666666666667;2.5586048423782
"7";35;22.5112779474603;58.3333333333333;19.8937234804882;6.66666666666667;4.46086149192759
"8";21.6666666666667;19.9813103057198;65;16.9546273687679;11.6666666666667;6.15745320887566
"9";15;20.29269258427;66.6666666666667;16.7619110908573;18.3333333333333;7.62911389464162
"10";11.6666666666667;20.4839118157361;61.6666666666667;15.997786559047;25;8.90714499538494
"11";10;20.840447128534;58.3333333333333;15.765603572664;31.6666666666667;10.5347594464796
"12";8.33333333333333;20.9868612012355;53.3333333333333;14.8432354096706;36.6666666666667;11.1570686981986
"13";8.33333333333333;21.0883996024064;50;13.8590322363762;40;11.4672457807431
"14";8.33333333333333;21.2001814451514;46.6666666666667;12.6788696732924;45;12.029987439344
"15";6.66666666666667;20.8786057804929;43.3333333333333;11.1716188722191;50;12.801909579781
"16";6.66666666666667;19.7716824827866;38.3333333333333;9.49333749479726;53.3333333333333;13.9175143606144
"17";6.66666666666667;17.1792521855004;35;7.32606409163364;58.3333333333333;14.4376952293212
"18";5;12.2712996590271;31.6666666666667;5.82253246796279;61.6666666666667;14.8372150340794
"19";3.33333333333333;6.64347819061189;30;8.55076952789445;65;14.162796168894
"20";3.33333333333333;4.4462715542624;28.3333333333333;10.9780038805231;68.3333333333333;14.6271619306976
"21";1.66666666666667;2.7395023807887;26.6666666666667;12.0610047780983;71.6666666666667;14.1202944745987
"22";1.66666666666667;2.43498968967507;23.3333333333333;11.5011935420411;73.3333333333333;13.2673807442489
"23";1.66666666666667;2.43498968967507;21.6666666666667;10.9935299064981;75;12.6961542477855
"24";1.66666666666667;2.15542894666457;18.3333333333333;11.0252530732013;78.3333333333333;12.4140972916258
"25";1.66666666666667;2.15542894666457;16.6666666666667;10.823769957892;80;12.1762826162001
"26";1.66666666666667;2.15542894666457;15;10.5007812451091;81.6666666666667;11.8421774598911
"27";1.66666666666667;2.15542894666457;15;10.6000907225757;83.3333333333333;11.8894080883515
"28";1.66666666666667;1.91179778225468;13.3333333333333;10.450384027192;85;11.4799879554288
"29";1.66666666666667;1.91179778225468;11.6666666666667;9.30233644241323;86.6666666666667;10.3126876693499
"30";1.66666666666667;1.91179778225468;10;9.53346419572393;86.6666666666667;10.6146391979259
"31";1.66666666666667;1.91179778225468;8.33333333333333;8.19970838955961;88.3333333333333;9.25243413172573
"32";1.66666666666667;1.91179778225468;8.33333333333333;7.76941906738042;88.3333333333333;8.87974676069724
"33";1.66666666666667;1.91179778225468;6.66666666666667;7.29272827136909;90;8.37125872910112
"34";1.66666666666667;1.8959881966484;6.66666666666667;6.95456778469341;90;7.96232960950861
"35";1.66666666666667;1.8959881966484;6.66666666666667;7.07106781186548;90;8.02365782965103
"36";1.66666666666667;1.8959881966484;6.66666666666667;6.35433966156164;90;7.29600322338091
"37";1.66666666666667;1.8959881966484;5;6.59616864652219;91.6666666666667;7.51481229148974
"38";1.66666666666667;1.8959881966484;5;5.79860499588735;91.6666666666667;6.74518037138788
"39";1.66666666666667;1.8959881966484;5;5.78685184888879;91.6666666666667;6.78342741071621
"40";1.66666666666667;1.8959881966484;3.33333333333333;4.82538223620577;93.3333333333333;5.83683368368334
"41";1.66666666666667;1.9124349420065;3.33333333333333;3.84749798450119;93.3333333333333;4.80041471973844
"42";1.66666666666667;1.95856550464334;3.33333333333333;3.00792603759119;93.3333333333333;4.10510071153581
"43";1.66666666666667;1.95856550464334;3.33333333333333;2.28868854108532;93.3333333333333;3.38452750838673
"44";1.66666666666667;1.95856550464334;3.33333333333333;1.56853991352387;93.3333333333333;2.94571700562846
"45";1.66666666666667;1.95856550464334;3.33333333333333;1.72132593164774;93.3333333333333;3.05158472144709
"46";1.66666666666667;2.02623212036938;3.33333333333333;1.37570050975926;93.3333333333333;2.7319169027205
"47";1.66666666666667;2.02623212036938;3.33333333333333;1.24157723944749;95;2.44599795235114
"48";1.66666666666667;2.02623212036938;3.33333333333333;1.26592420885458;95;2.6840095387139
"49";1.66666666666667;1.99714896505093;1.66666666666667;0.864790869437951;95;2.09292663042494
"50";1.66666666666667;1.99714896505093;1.66666666666667;1.26592420885458;95;2.31894218933825
"51";1.66666666666667;2.24982852570184;1.66666666666667;1.12491426285092;95;2.61170206078737
"52";1.66666666666667;2.37333437369931;1.66666666666667;1.11111111111111;95;3.00462606288666
"53";3.33333333333333;2.34647658862226;1.66666666666667;0.862581949177943;95;2.67261241912424
"54";3.33333333333333;2.34647658862226;1.66666666666667;0.862581949177943;95;2.67261241912424
"55";3.33333333333333;2.34647658862226;1.66666666666667;0.862581949177943;95;2.67261241912424
"56";3.33333333333333;2.34647658862226;1.66666666666667;1.39087160066047;95;3.18104505140176
"57";3.33333333333333;2.35702260395516;1.66666666666667;1.25462108784847;93.3333333333333;2.6701366312662
"58";3.33333333333333;2.63523138347365;1.66666666666667;1.82574185835055;95;3.20589734361189
"59";3.33333333333333;2.35702260395516;3.33333333333333;0;93.3333333333333;2.35702260395516
"60";3.33333333333333;2.35702260395516;3.33333333333333;0;93.3333333333333;2.35702260395516
"61";3.33333333333333;2.35702260395516;3.33333333333333;0;93.3333333333333;2.35702260395516
"62";3.33333333333333;2.35702260395516;3.33333333333333;1.17851130197758;93.3333333333333;1.17851130197758
"63";3.33333333333333;2.35702260395516;3.33333333333333;1.17851130197758;93.3333333333333;1.17851130197758
"64";3.33333333333333;2.35702260395516;1.66666666666667;0;95;2.35702260395516
"65";3.33333333333333;2.35702260395516;1.66666666666667;0;95;2.35702260395516
"66";3.33333333333333;2.35702260395516;1.66666666666667;0;95;2.35702260395516
"67";3.33333333333333;2.35702260395516;1.66666666666667;0;95;2.35702260395516
"68";3.33333333333333;2.35702260395516;1.66666666666667;0;95;2.35702260395516
"69";3.33333333333333;2.35702260395516;1.66666666666667;0;95;2.35702260395516
"70";3.33333333333333;2.35702260395516;1.66666666666667;0;95;2.35702260395516
"71";3.33333333333333;2.35702260395516;1.66666666666667;0;95;2.35702260395516
"72";3.33333333333333;2.35702260395516;1.66666666666667;0;95;2.35702260395516
"73";3.33333333333333;2.35702260395516;1.66666666666667;0;95;2.35702260395516
"74";3.33333333333333;2.35702260395516;0;1.17851130197758;95;1.17851130197758
"75";1.66666666666667;NA;1.66666666666667;NA;96.6666666666667;NA
"76";1.66666666666667;NA;1.66666666666667;NA;96.6666666666667;NA
"77";1.66666666666667;NA;1.66666666666667;NA;96.6666666666667;NA
"78";1.66666666666667;NA;1.66666666666667;NA;96.6666666666667;NA
