"allS";"sdAllS";"allI";"sdAllI";"allR";"sdAllR"
"1";100;0;0;0;0;0
"2";100;0;0;0;0;0
"3";98.5714285714286;0;1.42857142857143;0;0;0
"4";95.7142857142857;2.40836351549578;4.28571428571429;2.40389944582752;0;0.439705008036495
"5";88.5714285714286;8.92142571199771;11.4285714285714;8.6447366377457;0;0.785885148885972
"6";72.8571428571428;20.1332830656906;25.7142857142857;18.9725337118097;1.42857142857143;1.97187528991284
"7";52.8571428571429;29.0020185230323;44.2857142857143;26.6460267420597;2.85714285714286;3.40909253653576
"8";35.7142857142857;34.358944351188;57.1428571428571;29.9583491748901;7.14285714285714;5.79408565447807
"9";25.7142857142857;37.6149152262215;60;30.0572314816155;14.2857142857143;9.01454845130253
"10";21.4285714285714;39.3482755454362;57.1428571428571;29.2674617611043;20;11.8518875934338
"11";21.4285714285714;39.7869595247955;51.4285714285714;26.4396440937971;25.7142857142857;15.0364755223154
"12";21.4285714285714;39.9367787172075;48.5714285714286;24.7266473495994;30;17.135806820888
"13";20;40.1444090353706;44.2857142857143;22.5347327098171;35.7142857142857;19.2891948961643
"14";20;40.2096412868451;40;20.2893939265722;40;21.1992744540742
"15";20;40.2769013983368;35.7142857142857;18.3150317138952;42.8571428571429;23.2064474910691
"16";20;40.346179228062;32.8571428571429;16.9094384438248;47.1428571428571;24.7716748606709
"17";20;40.346179228062;30;15.5132388630319;50;26.368454283678
"18";20;40.346179228062;25.7142857142857;13.5256449741086;52.8571428571429;28.1711624383104
"19";20;40.346179228062;22.8571428571429;12.0230712694274;55.7142857142857;29.6614444849981
"20";20;40.346179228062;20;10.6851734815504;58.5714285714286;30.7702759468854
"21";20;40.346179228062;18.5714285714286;9.41922526067182;61.4285714285714;31.7396599704155
"22";20;40.346179228062;17.1428571428571;8.89006735236231;61.4285714285714;32.409420995759
"23";20;40.3819040413704;15.7142857142857;7.98057523588345;64.2857142857143;33.2560776771775
"24";20;40.3819040413704;14.2857142857143;7.49185020865154;64.2857142857143;33.8426097421109
"25";20;40.3819040413704;12.8571428571429;7.11422834170785;65.7142857142857;34.5879535476189
"26";20;40.3819040413704;11.4285714285714;6.6925740786387;67.1428571428571;35.0981438148532
"27";20;40.3819040413704;11.4285714285714;6.13314497134442;68.5714285714286;35.6628200608684
"28";20;40.3819040413704;10;5.81259420075428;68.5714285714286;36.0673525576188
"29";20;40.3819040413704;8.57142857142857;5.11101251999952;70;36.7325515546692
"30";20;40.3819040413704;8.57142857142857;4.66435163282877;71.4285714285714;36.9540458374912
"31";20;40.3819040413704;7.14285714285714;4.27002139418141;71.4285714285714;37.3886459844422
"32";20;40.3819040413704;5.71428571428571;4.15851332602251;72.8571428571428;37.9648772048788
"33";20;40.3819040413704;5.71428571428571;3.91847643510876;74.2857142857143;38.2890667368499
"34";20;40.3819040413704;5.71428571428571;3.48080512187273;74.2857142857143;38.5937000585656
"35";20;40.3819040413704;4.28571428571429;3.1571785797319;74.2857142857143;38.7176287988645
"36";20;40.3819040413704;4.28571428571429;3.10918392904291;75.7142857142857;39.0155440118871
"37";20;40.3819040413704;4.28571428571429;2.73714160139359;75.7142857142857;39.1759231392587
"38";20;40.3819040413704;2.85714285714286;2.34050863402607;75.7142857142857;39.340426699927
"39";21.4285714285714;41.209630906339;2.85714285714286;2.1930898648956;75.7142857142857;40.2204807881499
"40";21.4285714285714;42.0832714273373;2.85714285714286;1.96847232305867;74.2857142857143;41.0260070357977
"41";21.4285714285714;42.0832714273373;2.85714285714286;1.95316647448295;74.2857142857143;41.2477136685961
"42";21.4285714285714;42.0832714273373;2.85714285714286;1.69739578796001;74.2857142857143;41.3262201988484
"43";21.4285714285714;42.0832714273373;2.85714285714286;1.34687005940295;74.2857142857143;41.4866459243134
"44";21.4285714285714;42.0832714273373;2.85714285714286;1.20024007202401;74.2857142857143;41.5714398015778
"45";21.4285714285714;42.0832714273373;1.42857142857143;1.31682456846422;75.7142857142857;41.7500965454926
"46";24.2857142857143;44.0306595407318;2.85714285714286;1.15175110689979;72.8571428571428;43.5107891850999
"47";24.2857142857143;44.0306595407318;2.85714285714286;1.27775312999988;72.8571428571428;43.6224330667911
"48";25.7142857142857;45.0618838066722;1.42857142857143;1.18296953030118;71.4285714285714;44.7209249379758
"49";25.7142857142857;45.0618838066722;1.42857142857143;0.848024056720948;71.4285714285714;44.8335654489459
"50";25.7142857142857;45.0618838066722;1.42857142857143;0.800874157973411;71.4285714285714;44.8927022277998
"51";25.7142857142857;45.0618838066722;1.42857142857143;0.848024056720948;71.4285714285714;45.0100949696172
"52";28.5714285714286;46.1455569292471;1.42857142857143;0.879611323164117;70;46.0865922497908
"53";30;47.2775299181846;1.42857142857143;0.915018021743355;67.1428571428571;47.2096873401485
"54";32.8571428571429;48.4469693947662;1.42857142857143;0.824786098842322;64.2857142857143;48.2768953753988
"55";32.8571428571429;48.4469693947662;1.42857142857143;0.609144903873173;64.2857142857143;48.4507987658752
"56";35.7142857142857;49.6305459834935;1.42857142857143;0;61.4285714285714;49.6305459834935
"57";35.7142857142857;49.6305459834935;1.42857142857143;0.430730492253948;61.4285714285714;49.7358514203995
"58";40;50.7809756010378;1.42857142857143;0;58.5714285714286;50.7809756010378
"59";40;50.7809756010378;1.42857142857143;0;58.5714285714286;50.7809756010378
"60";40;50.7809756010378;1.42857142857143;0;58.5714285714286;50.7809756010378
"61";40;50.7809756010378;1.42857142857143;0;58.5714285714286;50.7809756010378
"62";40;50.7809756010378;1.42857142857143;0.451753951452626;58.5714285714286;50.9065214182082
"63";44.2857142857143;51.8030895864614;1.42857142857143;0;54.2857142857143;51.8030895864614
"64";44.2857142857143;51.8030895864614;1.42857142857143;0;54.2857142857143;51.8030895864614
"65";44.2857142857143;51.8030895864614;1.42857142857143;0.476190476190476;54.2857142857143;51.9566145540524
"66";50;52.4998264609099;1.42857142857143;0;48.5714285714286;52.4998264609099
"67";50;52.4998264609099;1.42857142857143;0;48.5714285714286;52.4998264609099
"68";50;52.4998264609099;1.42857142857143;0;48.5714285714286;52.4998264609099
"69";50;52.4998264609099;1.42857142857143;0.505076272276105;48.5714285714286;52.6941779026834
"70";57.1428571428571;52.4362725812557;1.42857142857143;0;41.4285714285714;52.4362725812557
"71";57.1428571428571;52.4362725812557;1.42857142857143;0.539949247156039;41.4285714285714;52.6951000242858
"72";65.7142857142857;50.5352305209893;1.42857142857143;0;31.4285714285714;50.5352305209893
"73";65.7142857142857;50.5352305209893;1.42857142857143;0;31.4285714285714;50.5352305209893
"74";65.7142857142857;50.5352305209893;1.42857142857143;0.583211843519804;32.8571428571429;50.9100848034442
"75";78.5714285714286;43.4436064199959;1.42857142857143;0;18.5714285714286;43.4436064199959
"76";78.5714285714286;43.4436064199959;1.42857142857143;0;18.5714285714286;43.4436064199959
"77";78.5714285714286;43.4436064199959;1.42857142857143;0.63887656499994;18.5714285714286;44.0824829849958
"78";98.5714285714286;0;1.42857142857143;0;0;0
"79";98.5714285714286;0;1.42857142857143;0;0;0
"80";98.5714285714286;0;1.42857142857143;0;0;0
"81";98.5714285714286;0;1.42857142857143;0;0;0
"82";98.5714285714286;0;1.42857142857143;0;0;0
"83";98.5714285714286;0;1.42857142857143;0;0;0
"84";98.5714285714286;0;1.42857142857143;0;0;0
"85";98.5714285714286;0;1.42857142857143;0;0;0
"86";98.5714285714286;0;1.42857142857143;0;0;0
"87";98.5714285714286;0;1.42857142857143;0;0;0
"88";98.5714285714286;0;1.42857142857143;0;0;0
"89";98.5714285714286;0;1.42857142857143;0;0;0
"90";98.5714285714286;0;1.42857142857143;0;0;0
"91";98.5714285714286;0;1.42857142857143;0;0;0
"92";98.5714285714286;0;1.42857142857143;0;0;0
"93";98.5714285714286;0;1.42857142857143;0;0;0
"94";98.5714285714286;0;1.42857142857143;0;0;0
"95";98.5714285714286;0;1.42857142857143;0;0;0
"96";98.5714285714286;0;1.42857142857143;0;0;0
"97";98.5714285714286;0;1.42857142857143;0;0;0
"98";98.5714285714286;0;1.42857142857143;0;0;0
"99";98.5714285714286;0;1.42857142857143;0;0;0
"100";98.5714285714286;0;1.42857142857143;0;0;0
"101";98.5714285714286;0;1.42857142857143;0;0;0
"102";98.5714285714286;0;1.42857142857143;0;0;0
"103";98.5714285714286;0;1.42857142857143;0;0;0
"104";98.5714285714286;0;1.42857142857143;0;0;0
"105";98.5714285714286;0;1.42857142857143;0;0;0
"106";98.5714285714286;0;1.42857142857143;0;0;0
"107";98.5714285714286;0;1.42857142857143;0;0;0
"108";98.5714285714286;0;1.42857142857143;0;0;0
"109";98.5714285714286;0;1.42857142857143;0;0;0
"110";98.5714285714286;0;1.42857142857143;0;0;0
"111";98.5714285714286;0;1.42857142857143;0;0;0
"112";98.5714285714286;0;1.42857142857143;0;0;0
"113";98.5714285714286;0;1.42857142857143;0;0;0
"114";98.5714285714286;0;1.42857142857143;0;0;0
"115";98.5714285714286;0;1.42857142857143;0;0;0
"116";98.5714285714286;0;1.42857142857143;0;0;0
"117";98.5714285714286;0;1.42857142857143;0;0;0
"118";98.5714285714286;0;1.42857142857143;0;0;0
"119";98.5714285714286;0;1.42857142857143;0;0;0
"120";98.5714285714286;0;1.42857142857143;0;0;0
"121";98.5714285714286;0;1.42857142857143;0;0;0
"122";98.5714285714286;0;1.42857142857143;0;0;0
"123";98.5714285714286;0;1.42857142857143;0;0;0
"124";98.5714285714286;0;1.42857142857143;0;0;0
"125";98.5714285714286;0;1.42857142857143;0;0;0
"126";98.5714285714286;0;1.42857142857143;0;0;0
"127";98.5714285714286;0;1.42857142857143;0;0;0
"128";98.5714285714286;0;1.42857142857143;0;0;0
"129";98.5714285714286;0;1.42857142857143;0;0;0
"130";98.5714285714286;0;1.42857142857143;0;0;0
"131";98.5714285714286;0;1.42857142857143;0;0;0
"132";98.5714285714286;0;1.42857142857143;0;0;0
"133";98.5714285714286;0;1.42857142857143;0;0;0
"134";98.5714285714286;0;1.42857142857143;0;0;0
"135";98.5714285714286;0;1.42857142857143;0;0;0
"136";98.5714285714286;0;1.42857142857143;0;0;0
"137";98.5714285714286;0;1.42857142857143;0;0;0
"138";98.5714285714286;0;1.42857142857143;0;0;0
"139";98.5714285714286;0;1.42857142857143;0;0;0
"140";98.5714285714286;0;1.42857142857143;0;0;0
"141";98.5714285714286;0;1.42857142857143;0;0;0
"142";98.5714285714286;0;1.42857142857143;0;0;0
"143";98.5714285714286;0;1.42857142857143;0;0;0
"144";98.5714285714286;0;1.42857142857143;0;0;0
"145";98.5714285714286;0;1.42857142857143;0;0;0
"146";98.5714285714286;0;1.42857142857143;0;0;0
"147";98.5714285714286;0;1.42857142857143;0;0;0
"148";98.5714285714286;0;1.42857142857143;0;0;0
"149";98.5714285714286;0;1.42857142857143;0;0;0
"150";98.5714285714286;0;1.42857142857143;0;0;0
