"allS";"sdAllS";"allI";"sdAllI";"allR";"sdAllR"
"1";100;0;0;0;0;0
"2";100;0;0;0;0;0
"3";98.5714285714286;0;1.42857142857143;0;0;0
"4";95.7142857142857;2.08699106044055;4.28571428571429;2.09725922112683;0;0.439705008036495
"5";90;6.32115776149886;10;5.90654027710916;0;0.854632916594456
"6";82.8571428571429;9.46359410155633;15.7142857142857;8.3746202440474;0;1.50008950681752
"7";75.7142857142857;10.6239297811922;22.8571428571429;9.7498244221157;1.42857142857143;2.21798139324811
"8";68.5714285714286;9.71423042885639;25.7142857142857;8.69089675227787;4.28571428571429;3.15972914854406
"9";64.2857142857143;9.76743531824121;28.5714285714286;9.26371019249913;7.14285714285714;4.09014954595436
"10";60;10.1767410305141;30;9.58763077106972;10;4.43111738604797
"11";57.1428571428571;11.0501250290617;30;9.23613135728264;12.8571428571429;4.67872208906246
"12";52.8571428571429;11.4435991423984;31.4285714285714;8.03991118472194;15.7142857142857;5.4467444133738
"13";48.5714285714286;11.3859638089279;31.4285714285714;7.25476250110012;18.5714285714286;5.96219741929056
"14";45.7142857142857;10.1044491482027;30;5.57874976850475;22.8571428571429;6.41226000800899
"15";42.8571428571429;10.074907413892;30;5.57923108939504;25.7142857142857;6.06799991644994
"16";41.4285714285714;10.0150263044936;28.5714285714286;6.33600863087869;28.5714285714286;5.88604641737536
"17";40;9.56519828649336;27.1428571428571;5.64383259866189;32.8571428571429;6.67610323898399
"18";38.5714285714286;9.40096208253901;25.7142857142857;6.27682214505091;35.7142857142857;7.64406918925644
"19";35.7142857142857;9.52243097792383;25.7142857142857;6.89767158210399;37.1428571428571;8.42321736408487
"20";34.2857142857143;8.72635673268023;25.7142857142857;6.77194883950366;40;8.77453595371331
"21";32.8571428571429;9.12498252724075;24.2857142857143;6.54612651022439;41.4285714285714;8.36692121208753
"22";31.4285714285714;8.70170421719597;22.8571428571429;5.59029003203949;44.2857142857143;7.87114268820259
"23";31.4285714285714;8.70818225799468;21.4285714285714;5.96219741929056;47.1428571428571;8.36178458588804
"24";30;8.4892678820339;20;5.53234799417741;48.5714285714286;7.83695287021753
"25";30;8.04124705100759;20;5.12779749956673;50;8.21828931527739
"26";28.5714285714286;7.73486533709728;17.1428571428571;5.15078753637713;52.8571428571429;7.94719414239026
"27";28.5714285714286;7.1123408278539;17.1428571428571;5.06456699856183;54.2857142857143;8.54978470341554
"28";27.1428571428571;6.59720345660989;15.7142857142857;5.47232074235388;55.7142857142857;8.19210801486254
"29";27.1428571428571;6.5033247714309;15.7142857142857;5.92469752952221;57.1428571428571;8.30765826341558
"30";25.7142857142857;6.593946382377;14.2857142857143;5.6628322571777;58.5714285714286;8.25057365450164
"31";25.7142857142857;6.44692451177924;12.8571428571429;5.6285866951436;61.4285714285714;7.89294644932975
"32";24.2857142857143;6.25968637148761;12.8571428571429;4.54775354418021;61.4285714285714;7.60850617879915
"33";24.2857142857143;6.26097318132164;11.4285714285714;4.15592959584079;62.8571428571429;7.07903820832231
"34";22.8571428571429;6.27468273255308;11.4285714285714;3.72165261328975;64.2857142857143;6.87622657742937
"35";22.8571428571429;6.30243844852309;10;3.62812145691437;65.7142857142857;6.49671486015981
"36";22.8571428571429;6.1819876252647;10;3.72525851725866;67.1428571428571;6.39044668295837
"37";22.8571428571429;6.27168632898979;8.57142857142857;3.33825272511133;68.5714285714286;6.1919701301261
"38";21.4285714285714;6.46356391101641;8.57142857142857;3.79028664152455;68.5714285714286;6.3143571594638
"39";21.4285714285714;6.21620832759593;7.14285714285714;3.73317924596341;70;6.59557512054742
"40";21.4285714285714;6.17111876136874;7.14285714285714;3.93010906340632;70;6.26097318132164
"41";21.4285714285714;6.04316730749177;7.14285714285714;3.85769976486409;71.4285714285714;6.0834688222139
"42";21.4285714285714;6.12964131783293;5.71428571428571;3.86673827359403;71.4285714285714;5.80566041061972
"43";21.4285714285714;6.3812890346235;5.71428571428571;3.92372679183774;72.8571428571428;5.71219677774569
"44";21.4285714285714;6.5602755190582;5.71428571428571;3.17553674414978;72.8571428571428;5.46186165818114
"45";21.4285714285714;6.60233062192358;5.71428571428571;3.06981587522821;72.8571428571428;5.18884408847704
"46";21.4285714285714;6.64913661616525;5.71428571428571;3.14599622540038;72.8571428571428;4.85689569316757
"47";20;6.76744555410172;5.71428571428571;3.15895419350117;74.2857142857143;5.06411474033135
"48";20;6.78073678567032;4.28571428571429;3.16370093426047;74.2857142857143;5.24747695619164
"49";20;6.8489972627679;4.28571428571429;2.88068035847976;75.7142857142857;5.24604693110549
"50";20;6.8489972627679;4.28571428571429;2.67822126562744;75.7142857142857;5.27172803230389
"51";20;6.83565581902647;2.85714285714286;2.65345366014382;75.7142857142857;5.38247976636923
"52";20;7.01657069616669;2.85714285714286;1.94681469676928;77.1428571428572;5.98508025151743
"53";20;7.27892379092954;2.85714285714286;1.97824000193865;77.1428571428572;6.40629316071316
"54";20;7.52633610843708;2.85714285714286;1.88635797649578;77.1428571428572;6.31876094869397
"55";20;7.77260549157629;2.85714285714286;1.88635797649578;77.1428571428572;6.58638209449731
"56";20;7.77260549157629;2.85714285714286;1.88635797649578;77.1428571428572;6.58638209449731
"57";20;7.77260549157629;2.85714285714286;1.96782066206056;77.1428571428572;6.28554778334254
"58";17.1428571428571;7.45300676458999;2.85714285714286;2.25465916285163;78.5714285714286;6.26857166534468
"59";17.1428571428571;7.45300676458999;2.85714285714286;1.92628532132355;80;6.51528814342365
"60";17.1428571428571;7.6324287257706;2.85714285714286;1.78809365290653;80;6.7746359023919
"61";15.7142857142857;7.68572018646142;2.85714285714286;1.66666666666667;80;6.94160939862536
"62";15.7142857142857;8.00014172210069;2.85714285714286;1.38832187972507;81.4285714285714;6.97826232845374
"63";15.7142857142857;8.00014172210069;2.85714285714286;1.23717914826348;81.4285714285714;7.09907215041694
"64";15.7142857142857;8.08122035641769;1.42857142857143;1.61484047217268;81.4285714285714;7.28820374524475
"65";14.2857142857143;6.93314597564003;1.42857142857143;1.86067168661331;82.8571428571429;6.3314661459137
"66";12.8571428571429;7.05662230584484;2.85714285714286;1.19522860933439;84.2857142857143;6.5621051873462
"67";12.8571428571429;7.05662230584484;1.42857142857143;0.737711113563317;84.2857142857143;6.55691980116514
"68";12.8571428571429;7.05662230584484;1.42857142857143;0.583211843519804;85.7142857142857;7.02280057321554
"69";12.8571428571429;7.85064666516234;1.42857142857143;0;85.7142857142857;7.85064666516234
"70";12.8571428571429;7.85064666516234;1.42857142857143;0;85.7142857142857;7.85064666516234
"71";12.8571428571429;7.85064666516234;1.42857142857143;0.782460796435951;85.7142857142857;7.53224361512232
"72";10;8.57142857142857;1.42857142857143;0.824786098842322;88.5714285714286;7.86795792469443
"73";5.71428571428571;6.06091526731326;1.42857142857143;0;92.8571428571429;6.06091526731326
"74";5.71428571428571;6.06091526731326;1.42857142857143;0;92.8571428571429;6.06091526731326
"75";5.71428571428571;6.06091526731326;1.42857142857143;0;92.8571428571429;6.06091526731326
"76";5.71428571428571;6.06091526731326;1.42857142857143;0;92.8571428571429;6.06091526731326
"77";5.71428571428571;6.06091526731326;1.42857142857143;0;92.8571428571429;6.06091526731326
"78";5.71428571428571;6.06091526731326;1.42857142857143;0;92.8571428571429;6.06091526731326
"79";5.71428571428571;6.06091526731326;1.42857142857143;0;92.8571428571429;6.06091526731326
"80";5.71428571428571;6.06091526731326;1.42857142857143;0;92.8571428571429;6.06091526731326
"81";5.71428571428571;6.06091526731326;1.42857142857143;0;92.8571428571429;6.06091526731326
"82";5.71428571428571;6.06091526731326;1.42857142857143;0;92.8571428571429;6.06091526731326
"83";5.71428571428571;6.06091526731326;1.42857142857143;0;92.8571428571429;6.06091526731326
"84";5.71428571428571;6.06091526731326;1.42857142857143;0;92.8571428571429;6.06091526731326
"85";5.71428571428571;6.06091526731326;1.42857142857143;0;92.8571428571429;6.06091526731326
"86";5.71428571428571;6.06091526731326;1.42857142857143;0;92.8571428571429;6.06091526731326
"87";5.71428571428571;6.06091526731326;1.42857142857143;0;92.8571428571429;6.06091526731326
"88";5.71428571428571;6.06091526731326;1.42857142857143;0;92.8571428571429;6.06091526731326
"89";5.71428571428571;6.06091526731326;1.42857142857143;0;92.8571428571429;6.06091526731326
"90";5.71428571428571;6.06091526731326;1.42857142857143;0;92.8571428571429;6.06091526731326
"91";5.71428571428571;6.06091526731326;1.42857142857143;0;92.8571428571429;6.06091526731326
