"allS";"sdAllS";"allI";"sdAllI";"allR";"sdAllR"
"1";100;0;0;0;0;0
"2";100;0;0;0;0;0
"3";99.0697674418605;0;0.930232558139535;0;0;0
"4";98.1395348837209;0.776457558209063;1.86046511627907;0.722133476871479;0;0.170394208619778
"5";96.7441860465116;1.42841282967426;2.7906976744186;1.44268938150399;0;0.316538161571498
"6";95.8139534883721;2.08771256074711;3.72093023255814;2.08703072508415;0.465116279069767;0.365766286352116
"7";94.4186046511628;2.75982515404046;4.65116279069767;2.6310949997639;0.465116279069767;0.553941782750121
"8";93.0232558139535;3.38273339196343;5.58139534883721;3.33109334279964;0.930232558139535;0.71221086353587
"9";92.093023255814;4.07516690255167;6.04651162790698;3.99331940483873;1.3953488372093;0.776824071119825
"10";91.1627906976744;5.01280703029377;6.51162790697674;4.74297390135529;1.86046511627907;0.996421252769856
"11";90.2325581395349;5.91784772472996;6.97674418604651;5.40621663232219;2.32558139534884;1.37044275589542
"12";89.7674418604651;6.31798088992084;6.97674418604651;5.4794338352859;3.25581395348837;1.60039703593368
"13";89.3023255813954;6.54385276819662;6.97674418604651;5.14047909712541;3.72093023255814;1.84494752608311
"14";88.8372093023256;6.76445693739778;6.51162790697674;4.79246797394219;4.65116279069767;2.33096073075576
"15";87.9069767441861;7.15046866500187;6.51162790697674;4.90634150435822;5.11627906976744;2.68029262856932
"16";87.4418604651163;7.39735775582536;6.51162790697674;4.77980008535881;5.58139534883721;3.04165383956798
"17";86.9767441860465;7.65841586622384;6.51162790697674;4.76213993029616;6.51162790697674;3.24521793866213
"18";86.046511627907;7.88414395974643;6.51162790697674;4.45044964167669;7.44186046511628;3.71446466688711
"19";85.5813953488372;8.26556276743343;6.51162790697674;4.56841945230116;7.90697674418605;3.9435960750316
"20";85.1162790697674;8.39548238632522;6.04651162790698;4.22859438114943;8.37209302325581;4.40171566700383
"21";85.1162790697674;8.4958440870294;5.58139534883721;4.05775265993873;9.30232558139535;4.61443406595102
"22";84.6511627906977;8.63204625259105;5.11627906976744;3.79915729591941;9.76744186046512;5.06970380894266
"23";83.7209302325581;8.50966166281008;5.11627906976744;3.53862571036383;11.1627906976744;5.22639856336854
"24";83.2558139534884;9.02176077422315;5.11627906976744;3.70798782731826;11.6279069767442;5.57277542809657
"25";82.7906976744186;9.26668960759578;5.11627906976744;3.51585163768397;12.093023255814;6.02133556955323
"26";82.3255813953488;9.46018586483409;4.65116279069767;3.37103148534989;12.5581395348837;6.33920135861343
"27";82.3255813953488;9.41493063063273;4.65116279069767;3.06272250520568;13.0232558139535;6.65359698313038
"28";81.8604651162791;9.52344915110359;4.18604651162791;2.92837541304564;13.4883720930233;6.97138416994313
"29";81.8604651162791;9.57517096907135;4.18604651162791;2.76866588250318;13.953488372093;7.18111518913698
"30";81.8604651162791;9.62273101814853;3.72093023255814;2.56621037497075;13.953488372093;7.52581745007959
"31";81.3953488372093;9.87200561014055;3.72093023255814;2.5686886086482;14.4186046511628;7.71823498850392
"32";81.3953488372093;10.135012608662;3.72093023255814;2.58166030609266;14.8837209302326;8.09082552671155
"33";80.9302325581395;10.2287488245857;3.25581395348837;2.49964207026375;15.3488372093023;8.37997425060547
"34";80.9302325581395;10.6305613023843;3.72093023255814;2.38301180603712;15.3488372093023;8.89495616501697
"35";80;10.3920917202049;3.72093023255814;2.15163414069216;16.2790697674419;8.83137885417336
"36";79.5348837209302;10.4882972007354;3.25581395348837;2.37727703141901;16.7441860465116;9.15801686862839
"37";79.5348837209302;10.4593807341735;3.25581395348837;2.30868725212921;16.7441860465116;9.19069229424029
"38";79.5348837209302;10.4723735141813;3.25581395348837;2.01055700951916;17.2093023255814;9.26815429162241
"39";79.5348837209302;10.5447200076221;2.7906976744186;1.95917539539757;17.6744186046512;9.27315470494111
"40";79.0697674418605;10.5780786546227;2.7906976744186;2.05364707939669;17.6744186046512;9.38578287837657
"41";79.0697674418605;10.6025915506879;2.32558139534884;1.88357737035503;18.1395348837209;9.43700948436167
"42";79.0697674418605;10.5865478553237;2.32558139534884;1.80994531187724;18.1395348837209;9.48567916098929
"43";79.0697674418605;10.5865478553237;1.86046511627907;1.64725099303098;18.6046511627907;9.65104937957889
"44";78.6046511627907;10.7849857543755;1.86046511627907;1.53450420851573;19.0697674418605;9.94322970053251
"45";78.6046511627907;10.7849857543755;1.86046511627907;1.4533478081789;19.5348837209302;10.1434800316238
"46";78.6046511627907;10.8182188236207;1.86046511627907;1.53914485683765;19.5348837209302;10.1701626672481
"47";78.6046511627907;10.8182188236207;1.3953488372093;1.45620752553513;19.5348837209302;10.2127913530829
"48";78.6046511627907;10.8182188236207;1.3953488372093;1.48690190613954;20;10.1852868097122
"49";77.6744186046512;10.7655156168505;1.3953488372093;1.52907231816516;20.9302325581395;10.2446126209634
"50";76.7441860465116;11.0068834087477;1.3953488372093;1.66326249854796;21.3953488372093;10.5978583142512
"51";76.7441860465116;11.0342463712881;1.3953488372093;1.61679485384606;21.8604651162791;10.7132894584806
"52";75.3488372093023;10.5711796980501;1.3953488372093;1.66405058790682;22.7906976744186;10.3603399503168
"53";75.3488372093023;10.5711796980501;0.930232558139535;1.62820897229019;23.2558139534884;10.3989924135689
"54";75.3488372093023;9.49448536045577;1.3953488372093;1.59191342866591;23.2558139534884;9.23710525112612
"55";75.3488372093023;9.49448536045577;0.930232558139535;1.11010195658496;23.2558139534884;9.29152196560402
"56";75.3488372093023;9.49448536045577;0.930232558139535;0.954824442737536;23.2558139534884;9.3037789562314
"57";75.3488372093023;9.50200961189823;0.930232558139535;0.69211517129567;23.7209302325581;9.23898702502343
"58";72.0930232558139;4.14648464106285;0.930232558139535;0.641921450551027;26.9767441860465;4.32523605713724
"59";73.0232558139535;3.23135887630711;0.930232558139535;0.778288396775884;25.5813953488372;3.19093722969003
"60";73.4883720930233;3.51155090012593;0.930232558139535;0.705383762237354;25.1162790697674;3.29872060027854
"61";73.4883720930233;3.51770612115145;0.930232558139535;0.870152880645103;25.5813953488372;3.40838529498814
"62";73.4883720930233;3.97395523038025;0.930232558139535;0.805605026776222;25.1162790697674;3.66232924372642
"63";73.4883720930233;3.97395523038025;0.930232558139535;0.697674418604651;25.1162790697674;3.66970554373477
"64";73.4883720930233;3.97395523038025;0.930232558139535;0.537070017850815;25.1162790697674;3.74988732479002
"65";73.4883720930233;3.97395523038025;0.930232558139535;0.537070017850815;25.1162790697674;3.74988732479002
"66";73.4883720930233;3.97395523038025;0.930232558139535;0.445314933840157;25.1162790697674;3.76667615914925
"67";73.4883720930233;4.00783440456142;0.930232558139535;0.445314933840157;25.5813953488372;3.85420244795537
"68";73.4883720930233;4.05478971492156;0.930232558139535;0.657773749940974;25.5813953488372;3.85420244795537
"69";73.4883720930233;4.05478971492156;0.930232558139535;0.805605026776222;25.5813953488372;3.73060757070262
"70";71.6279069767442;0.537070017850815;0.930232558139535;0.805605026776222;27.4418604651163;1.34267504462704
"71";71.6279069767442;0.537070017850815;0.930232558139535;0.537070017850815;27.4418604651163;1.07414003570163
"72";71.1627906976744;0.268535008925407;0.930232558139535;0.805605026776222;27.4418604651163;1.07414003570163
"73";71.1627906976744;0.268535008925407;0.930232558139535;0.805605026776222;27.4418604651163;1.07414003570163
"74";71.1627906976744;0.268535008925407;0.930232558139535;0.805605026776222;27.4418604651163;1.07414003570163
"75";71.1627906976744;0.268535008925407;0.930232558139535;0.805605026776222;27.4418604651163;1.07414003570163
"76";71.1627906976744;0.268535008925407;0.930232558139535;0.537070017850815;27.906976744186;0.805605026776222
"77";71.1627906976744;0.268535008925407;0.930232558139535;0.537070017850815;27.906976744186;0.805605026776222
"78";71.1627906976744;0.465116279069767;0.930232558139535;0.465116279069767;27.906976744186;0.805605026776222
"79";71.1627906976744;0.465116279069767;0.930232558139535;0.268535008925407;27.906976744186;0.537070017850815
"80";71.1627906976744;0.465116279069767;0.465116279069767;0.537070017850815;27.906976744186;0.710476851931138
"81";71.1627906976744;0.657773749940974;0.930232558139535;0;27.906976744186;0.657773749940974
"82";71.1627906976744;0.657773749940974;0.930232558139535;0;27.906976744186;0.657773749940974
"83";71.1627906976744;0.657773749940974;0.930232558139535;0;27.906976744186;0.657773749940974
"84";71.1627906976744;0.657773749940974;0.930232558139535;0;27.906976744186;0.657773749940974
"85";71.1627906976744;0.657773749940974;0.930232558139535;0;27.906976744186;0.657773749940974
"86";71.1627906976744;0.657773749940974;0.930232558139535;0;27.906976744186;0.657773749940974
"87";71.1627906976744;0.657773749940974;0.930232558139535;0;27.906976744186;0.657773749940974
"88";71.1627906976744;0.657773749940974;0.930232558139535;0;27.906976744186;0.657773749940974
"89";71.1627906976744;0.657773749940974;0.930232558139535;0.328886874970487;27.906976744186;0.986660624911462
"90";71.1627906976744;0.657773749940974;0.930232558139535;0.328886874970487;27.906976744186;0.986660624911462
"91";71.1627906976744;0.657773749940974;0.465116279069767;0.657773749940974;28.3720930232558;1.31554749988195
"92";71.6279069767442;NA;0.930232558139535;NA;27.4418604651163;NA
"93";71.6279069767442;NA;0.930232558139535;NA;27.4418604651163;NA
"94";71.6279069767442;NA;0.930232558139535;NA;27.4418604651163;NA
"95";71.6279069767442;NA;0.465116279069767;NA;27.906976744186;NA
"96";71.6279069767442;NA;0.465116279069767;NA;27.906976744186;NA
"97";71.6279069767442;NA;0.465116279069767;NA;27.906976744186;NA
"98";71.6279069767442;NA;0.465116279069767;NA;27.906976744186;NA
"99";71.6279069767442;NA;0.465116279069767;NA;27.906976744186;NA
"100";71.6279069767442;NA;0.465116279069767;NA;27.906976744186;NA
"101";71.6279069767442;NA;0.465116279069767;NA;27.906976744186;NA
