"allS";"sdAllS";"allI";"sdAllI";"allR";"sdAllR"
"1";100;0;0;0;0;0
"2";100;0;0;0;0;0
"3";99.21875;0;0.78125;0;0;0
"4";97.65625;2.12975956914587;2.34375;2.13427975725696;0;0.240463676269958
"5";89.0625;11.4238603740647;10.9375;11.2951902639759;0;0.454994316685796
"6";72.65625;19.9235098156767;25.78125;18.7365745978018;0.78125;1.48039006116197
"7";52.34375;25.4690330904871;44.53125;22.6837243930352;3.125;3.43097300328478
"8";38.28125;24.9146907725549;53.125;20.4605316410577;8.59375;5.83595159755259
"9";29.6875;25.4999159041799;55.46875;20.0744101323074;14.0625;7.98154109007243
"10";21.09375;19.7088534473093;57.8125;14.770402180058;21.09375;8.81770987152969
"11";17.1875;19.2474789757245;55.46875;13.5408565227119;26.5625;9.44452704452538
"12";15.625;17.5349244471611;51.5625;10.3479851268574;32.03125;9.97343236659055
"13";12.5;10.462616941907;49.21875;5.82720266076899;37.5;11.2522018372255
"14";10.9375;6.2258584504186;46.09375;7.53913062657593;42.96875;11.5513472146078
"15";9.375;4.55740108412065;42.1875;8.9317713541077;47.65625;11.4294875603215
"16";9.375;3.20690261262017;38.28125;10.3940471322964;52.34375;11.3308978604314
"17";8.59375;2.90949091028416;35.15625;9.85139013862504;55.46875;10.3224136593185
"18";7.8125;2.82602729094802;32.03125;8.98709419990043;59.375;9.17684876928647
"19";7.8125;2.81754494878053;28.90625;8.79222494394162;62.5;8.80718504257649
"20";7.8125;2.83905458353812;26.5625;7.65217958192059;64.84375;7.7843651893487
"21";7.8125;2.73273322561002;24.21875;6.68306614973731;67.96875;6.6884362318812
"22";7.8125;2.73273322561002;21.09375;6.32549885494329;70.3125;6.21672104139601
"23";7.8125;2.77042787834027;19.53125;6.2341826503572;71.875;5.9526715888867
"24";7.8125;2.77042787834027;17.1875;5.72986292560667;74.21875;5.67178258108144
"25";7.8125;2.77042787834027;15.625;5.06485114702734;75.78125;5.11345100230578
"26";7.8125;2.83905458353812;14.84375;4.98306498115501;77.34375;5.05045645424667
"27";7.8125;2.9084623975871;13.28125;5.5338316392275;78.90625;5.46546645122004
"28";7.8125;2.9084623975871;12.5;4.91840074106139;79.6875;4.70385389304341
"29";7.8125;2.9084623975871;10.9375;4.16690601334617;81.25;4.01949808927755
"30";7.8125;2.9084623975871;10.15625;4.06219557997185;82.03125;3.82941175686224
"31";7.8125;2.9084623975871;8.59375;3.4815604106748;83.59375;3.33615650972087
"32";7.8125;2.9084623975871;7.8125;3.26240014371512;83.59375;3.13932836490874
"33";7.8125;2.9084623975871;7.8125;3.20596951451227;84.375;3.125
"34";7.8125;2.9084623975871;6.25;2.97859671635702;85.9375;3.06083273360046
"35";7.8125;2.9084623975871;5.46875;2.68598492880841;86.71875;3.15422405534862
"36";7.8125;2.9084623975871;4.6875;2.06795796944684;87.5;2.9533781382498
"37";7.8125;2.9084623975871;3.90625;1.97319144462066;87.5;3.21838857908051
"38";7.8125;2.9084623975871;3.90625;1.9594973660334;88.28125;3.00791694337382
"39";7.8125;2.9084623975871;3.125;1.5909631776759;88.28125;2.97859671635702
"40";7.8125;2.9084623975871;3.125;1.45474545514208;89.0625;2.89850129250395
"41";7.8125;2.9084623975871;3.125;1.14126344720367;89.0625;2.83589129054072
"42";7.8125;2.9084623975871;2.34375;1.16803906499438;89.0625;2.73893032085371
"43";7.8125;2.9084623975871;2.34375;1.17569841962004;89.84375;2.42982598761009
"44";7.8125;2.9084623975871;2.34375;1.00263898112461;89.84375;2.48702528252593
"45";7.8125;2.9084623975871;1.5625;1.00760011473666;89.84375;2.45432905434991
"46";7.8125;2.98695559431781;1.5625;0.868310828478455;90.625;2.58417572049808
"47";7.8125;2.98695559431781;1.5625;1.02914502190068;90.625;2.63661236849666
"48";7.03125;3.04968772796417;1.5625;0.908530586926468;90.625;2.82405035660957
"49";7.03125;3.16392736026015;1.5625;0.802425923457962;90.625;3.03627921274724
"50";7.8125;3.19801519413073;1.5625;0.65003929245144;90.625;3.00109947467441
"51";7.8125;3.19801519413073;1.5625;0.667851886144617;90.625;2.94716342193251
"52";7.8125;3.19801519413073;1.5625;0.750600720961346;90.625;2.9258455043054
"53";7.03125;3.28865393930116;1.5625;0.526718642549408;91.40625;3.15078730503536
"54";7.03125;3.13386526603838;0.78125;0.526718642549408;91.40625;3.1462346723721
"55";7.03125;3.28991910361537;0.78125;0.37737960276535;91.40625;3.22012342596867
"56";7.03125;3.28991910361537;0.78125;0.494105884401309;92.1875;3.05920315741425
"57";6.25;2.54489847469949;0.78125;0.390625;92.1875;2.524833259071
"58";6.25;2.54489847469949;0.78125;0.390625;92.96875;2.42201500491384
"59";5.46875;2.39663183833621;0.78125;0.500679644110668;92.96875;2.49685907602646
"60";6.25;2.19121707999611;0.78125;0.494105884401309;92.96875;2.29993772560621
"61";6.25;2.34375;0.78125;0.349385621484342;92.1875;2.30435643808635
"62";6.25;2.34375;0.78125;0.349385621484342;92.1875;2.30435643808635
"63";6.25;2.34375;0.78125;0.349385621484342;92.1875;2.30435643808635
"64";6.25;2.34375;0.78125;0.349385621484342;92.1875;2.30435643808635
"65";6.25;2.34375;0.78125;0.349385621484342;92.1875;2.30435643808635
"66";6.25;2.34375;0.78125;0.349385621484342;92.1875;2.30435643808635
"67";6.25;2.34375;0.78125;0.55242717280199;92.96875;2.40797421990976
"68";6.25;2.65892940841955;0.78125;0.390625;92.1875;2.59111311746516
"69";6.25;2.65892940841955;0.78125;0.390625;92.1875;2.59111311746516
"70";6.25;2.65892940841955;0.78125;0.390625;92.96875;2.29993772560621
"71";5.46875;1.19337908722808;0.78125;0;93.75;1.19337908722808
"72";5.46875;1.19337908722808;0.78125;0;93.75;1.19337908722808
"73";5.46875;1.19337908722808;0.78125;0;93.75;1.19337908722808
"74";5.46875;1.19337908722808;0.78125;0;93.75;1.19337908722808
"75";5.46875;1.19337908722808;0.78125;0;93.75;1.19337908722808
