"allS";"sdAllS";"allI";"sdAllI";"allR";"sdAllR"
"1";100;0;0;0;0;0
"2";100;0;0;0;0;0
"3";98.5714285714286;0;1.42857142857143;0;0;0
"4";94.2857142857143;3.00733082119324;5.71428571428571;3.02513636943952;0;0.439705008036495
"5";77.1428571428572;11.6795744665947;22.8571428571429;11.4873956050676;0;0.838775640874857
"6";47.1428571428571;19.039221206396;51.4285714285714;18.1709273113821;1.42857142857143;1.49470961080171
"7";18.5714285714286;14.7452408168003;75.7142857142857;13.5280271583477;4.28571428571429;2.60545573179712
"8";5.71428571428571;4.33493043911003;82.8571428571429;3.49620017763032;10;3.74467039817625
"9";2.85714285714286;1.86982368192933;80;5.36277899006109;17.1428571428571;5.36327969301629
"10";1.42857142857143;1.0467072815215;74.2857142857143;5.06191525378684;22.8571428571429;5.17107962101062
"11";0;0.86710996952412;68.5714285714286;6.54612651022439;30;6.34617199840168
"12";0;0.838775640874857;62.8571428571429;6.16807204740305;35.7142857142857;6.04805318829299
"13";0;0.816057957967828;57.1428571428571;4.62097213350683;41.4285714285714;4.68331132222958
"14";0;0.586273344048659;52.8571428571429;5.7006416055879;45.7142857142857;5.73820183139172
"15";0;0.439705008036495;48.5714285714286;6.08920440710386;50;6.22009494265129
"16";0;0.439705008036495;44.2857142857143;5.04331400090336;54.2857142857143;5.25401999434402
"17";0;0.439705008036495;41.4285714285714;4.75557223050259;57.1428571428571;4.91550518179631
"18";0;0.439705008036495;37.1428571428571;5.08731494621439;61.4285714285714;5.25350887804393
"19";0;0.31943828249997;34.2857142857143;5.00053702808812;64.2857142857143;5.08731494621439
"20";0;0.31943828249997;31.4285714285714;5.04491108143135;67.1428571428571;5.10891052010803
"21";0;0.31943828249997;30;5.13826026804498;70;5.21245719303851
"22";0;0.31943828249997;27.1428571428571;5.15860163068473;71.4285714285714;5.22532048981375
"23";0;0.31943828249997;24.2857142857143;5.08731494621439;74.2857142857143;5.17159888391508
"24";0;0.31943828249997;22.8571428571429;5.5036361381489;75.7142857142857;5.60947104578799
"25";0;0.31943828249997;21.4285714285714;5.90426669440931;78.5714285714286;6.02714945992257
"26";0;0.31943828249997;18.5714285714286;4.40376267200234;81.4285714285714;4.5388879430317
"27";0;0.31943828249997;17.1428571428571;4.07963162550066;82.8571428571429;4.22259280664631
"28";0;0.31943828249997;15.7142857142857;3.98708979956778;82.8571428571429;4.13195350194223
"29";0;0.31943828249997;14.2857142857143;4.20921703596452;84.2857142857143;4.37009660773103
"30";0;0.31943828249997;12.8571428571429;3.90199486285854;85.7142857142857;4.043267600514
"31";0;0.31943828249997;11.4285714285714;3.22700074908365;87.1428571428571;3.32616486625484
"32";0;0.31943828249997;11.4285714285714;3.04900892492544;88.5714285714286;3.18090435633761
"33";0;0.31943828249997;10;2.89449271502559;88.5714285714286;2.98492452770421
"34";0;0.31943828249997;10;2.98222445973625;90;3.08403602370153
"35";0;0.31943828249997;8.57142857142857;2.85714285714286;90;2.94872034361966
"36";0;0.31943828249997;7.14285714285714;2.68163984650815;91.4285714285714;2.76155904845217
"37";0;0.31943828249997;7.14285714285714;2.66254604656027;91.4285714285714;2.76058649725158
"38";0;0.31943828249997;7.14285714285714;2.24206441620256;92.8571428571429;2.33015998215305
"39";0;0.31943828249997;5.71428571428571;2.16901329861785;92.8571428571429;2.28359864494918
"40";0;0.31943828249997;5.71428571428571;2.16901329861785;94.2857142857143;2.29298655152107
"41";0;0.31943828249997;4.28571428571429;2.24206441620256;94.2857142857143;2.38483392878498
"42";0;0.31943828249997;4.28571428571429;2.13783873516514;94.2857142857143;2.25162550186404
"43";0;0.31943828249997;4.28571428571429;1.96642057603339;94.2857142857143;2.09725922112683
"44";0;0.31943828249997;4.28571428571429;1.85974369646501;95.7142857142857;1.95958083156724
"45";0;0.31943828249997;2.85714285714286;1.76491648034669;95.7142857142857;1.8812775328873
"46";0;0.31943828249997;2.85714285714286;1.84670287079927;95.7142857142857;1.97187528991284
"47";0;0.31943828249997;2.85714285714286;1.46568336012165;95.7142857142857;1.63704430938552
"48";0;0.31943828249997;2.85714285714286;1.48569982641894;97.1428571428571;1.66469629321908
"49";0;0.327736762672231;2.85714285714286;1.49391094143621;97.1428571428571;1.68889579837909
"50";0;0.336717514850737;2.85714285714286;1.48802520843624;97.1428571428571;1.70719042083375
"51";0;0.357142857142857;2.85714285714286;1.24744637118378;97.1428571428571;1.52083042120679
"52";0;0.357142857142857;2.85714285714286;1.27442130391168;97.1428571428571;1.55401608305531
"53";0;0.357142857142857;2.85714285714286;1.27775312999988;97.1428571428571;1.56220235260231
"54";0;0.357142857142857;1.42857142857143;1.27442130391168;97.1428571428571;1.5649215928719
"55";0;0.357142857142857;1.42857142857143;1.36775301108048;97.1428571428571;1.64699272433536
"56";0;0.368855556781659;1.42857142857143;1.18296953030118;97.1428571428571;1.51442689625517
"57";0;0.368855556781659;1.42857142857143;1.18296953030118;97.1428571428571;1.51442689625517
"58";0;0.368855556781659;1.42857142857143;0.881733428354811;97.1428571428571;1.18296953030118
"59";0;0.368855556781659;1.42857142857143;0.881733428354811;97.1428571428571;1.18296953030118
"60";0;0.368855556781659;1.42857142857143;0.96589057683259;97.1428571428571;1.26245014526934
"61";0;0.381801774160606;1.42857142857143;0.873214065003038;97.1428571428571;1.20271055163014
"62";0;0.381801774160606;1.42857142857143;0.998990295361526;97.1428571428571;1.30553361923339
"63";0;0.396214425875164;1.42857142857143;0.792428851750327;97.1428571428571;1.18864327762549
"64";0;0.396214425875164;1.42857142857143;1.01015254455221;97.1428571428571;1.36296226777576
"65";0;0.430730492253948;1.42857142857143;1.00092721392196;97.1428571428571;1.40235688173435
"66";0;0.451753951452626;1.42857142857143;1.05409255338946;97.1428571428571;1.47542222712663
"67";0;0.476190476190476;1.42857142857143;0.952380952380952;97.1428571428571;1.42857142857143
"68";0;0.476190476190476;1.42857142857143;0.714285714285714;97.1428571428571;1.11676565710082
"69";0;0.505076272276105;1.42857142857143;0.763603548321213;97.1428571428571;1.19217565770897
"70";0;0.539949247156039;1.42857142857143;0.824786098842322;97.1428571428571;1.28533630120348
"71";0;0.583211843519804;1.42857142857143;0.583211843519804;97.1428571428571;1.16642368703961
"72";0;0.583211843519804;1.42857142857143;0.583211843519804;97.1428571428571;1.16642368703961
"73";0;0.583211843519804;1.42857142857143;0.903507902905251;97.1428571428571;1.40456011464311
"74";0;0.63887656499994;1.42857142857143;0.63887656499994;97.1428571428571;1.27775312999988
"75";0;0.63887656499994;1.42857142857143;0.63887656499994;97.1428571428571;1.27775312999988
"76";0;0.63887656499994;1.42857142857143;0.63887656499994;97.1428571428571;1.27775312999988
"77";0;0.63887656499994;1.42857142857143;0.63887656499994;97.1428571428571;1.27775312999988
"78";0;0.63887656499994;1.42857142857143;0;97.1428571428571;0.63887656499994
"79";0;0.63887656499994;1.42857142857143;0;97.1428571428571;0.63887656499994
"80";0;0.63887656499994;1.42857142857143;0;97.1428571428571;0.63887656499994
"81";0;0.63887656499994;1.42857142857143;0.63887656499994;98.5714285714286;1.01015254455221
"82";0;0.714285714285714;1.42857142857143;0.714285714285714;98.5714285714286;1.16642368703961
"83";0;0.824786098842322;1.42857142857143;0;97.1428571428571;0.824786098842322
"84";0;0.824786098842322;1.42857142857143;0;97.1428571428571;0.824786098842322
"85";0;0.824786098842322;1.42857142857143;0.824786098842322;98.5714285714286;0
"86";0;0;1.42857142857143;0;98.5714285714286;0
"87";0;0;1.42857142857143;0;98.5714285714286;0
"88";0;0;1.42857142857143;0;98.5714285714286;0
"89";0;0;1.42857142857143;0;98.5714285714286;0
"90";0;0;1.42857142857143;0;98.5714285714286;0
"91";0;0;1.42857142857143;0;98.5714285714286;0
"92";0;0;1.42857142857143;0;98.5714285714286;0
"93";0;0;1.42857142857143;0;98.5714285714286;0
"94";0;0;1.42857142857143;0;98.5714285714286;0
"95";0;0;1.42857142857143;0;98.5714285714286;0
"96";0;0;1.42857142857143;0;98.5714285714286;0
"97";0;0;1.42857142857143;0;98.5714285714286;0
"98";0;0;1.42857142857143;0;98.5714285714286;0
"99";0;0;1.42857142857143;0;98.5714285714286;0
"100";0;0;1.42857142857143;0;98.5714285714286;0
"101";0;0;1.42857142857143;0;98.5714285714286;0
"102";0;0;1.42857142857143;0;98.5714285714286;0
