"allS";"sdAllS";"allI";"sdAllI";"allR";"sdAllR"
"1";100;0;0;0;0;0
"2";100;0;0;0;0;0
"3";99.0697674418605;0;0.930232558139535;0;0;0
"4";98.1395348837209;0.785569082881933;1.86046511627907;0.778288396775884;0;0.143159770058394
"5";95.8139534883721;2.06136812923627;3.72093023255814;2.09859180356667;0;0.316538161571498
"6";92.5581395348837;4.04326041676231;6.51162790697674;3.75587932081765;0.465116279069767;0.574128391149882
"7";87.4418604651163;6.62581297849768;11.1627906976744;6.06301297904806;0.930232558139535;0.922859396503087
"8";81.8604651162791;8.67453181480297;16.2790697674419;7.67723697367921;1.86046511627907;1.41137270110559
"9";75.8139534883721;10.0194510665755;20.9302325581395;8.75042747118817;3.25581395348837;1.97274417092483
"10";69.7674418604651;11.0412343253293;25.1162790697674;9.22736011330197;4.65116279069767;2.59832682098531
"11";64.6511627906977;11.5691046844612;28.3720930232558;9.57495237972092;6.51162790697674;3.02410307306883
"12";60.9302325581395;11.5984694695725;29.7674418604651;9.24742058682349;9.30232558139535;3.36044499873273
"13";58.1395348837209;11.677153975458;29.7674418604651;8.98919108408798;11.6279069767442;4.22334801661466
"14";56.7441860465116;11.1254731187651;28.8372093023256;8.14446432302635;14.4186046511628;4.65917302893954
"15";55.3488372093023;11.2135727808491;27.906976744186;7.82792217660783;16.2790697674419;5.26062106179162
"16";54.4186046511628;11.1321488866547;26.5116279069767;7.42516487049398;18.6046511627907;5.7345371614065
"17";53.953488372093;10.9982518581616;25.1162790697674;6.61480592282202;20.9302325581395;6.22667290049446
"18";53.0232558139535;10.9536455926369;23.7209302325581;5.95539099034988;22.7906976744186;6.80506854487373
"19";52.5581395348837;10.9588416962438;22.7906976744186;5.91318017730605;24.1860465116279;7.10305889562801
"20";52.093023255814;10.7623768392685;21.3953488372093;5.50017402122475;26.046511627907;7.50660331929824
"21";52.093023255814;10.6761264543639;20;5.47616009587835;27.906976744186;7.58502890301827
"22";51.6279069767442;10.6579807461429;18.6046511627907;5.42120172474598;29.3023255813954;7.77450407846012
"23";51.6279069767442;10.6330869158569;17.2093023255814;5.79846161229468;30.6976744186047;7.86941181113815
"24";51.6279069767442;10.6310521929654;16.2790697674419;5.44509209509405;32.093023255814;7.82097370720102
"25";51.1627906976744;10.6613987684481;15.3488372093023;5.267542507705;33.0232558139535;7.66554882262838
"26";51.1627906976744;10.75369822719;14.4186046511628;5.31916628155488;33.953488372093;7.84539341467179
"27";51.1627906976744;10.7868139721042;13.4883720930233;5.08721017660423;35.3488372093023;8.07422654307391
"28";51.1627906976744;10.8886157903542;12.5581395348837;5.12067242104639;36.2790697674419;8.35776688047554
"29";50.6976744186047;10.9135788126177;11.6279069767442;4.32095934998813;37.2093023255814;8.5995221075813
"30";50.6976744186047;10.9629968059251;10.6976744186047;4.30035682236203;38.1395348837209;8.74782470713884
"31";50.6976744186047;11.0121154889021;10.2325581395349;4.09530369319898;39.0697674418605;8.77355805483833
"32";50.6976744186047;11.0365154797473;8.83720930232558;3.64081437381841;40;8.85638581616364
"33";50.6976744186047;11.0675249469439;8.37209302325581;3.72544096236485;40.4651162790698;8.94729474692009
"34";50.6976744186047;11.0813789733003;7.90697674418605;3.36848242948835;41.3953488372093;9.13359831613202
"35";50.6976744186047;11.1129804644847;6.97674418604651;3.19928189261135;41.8604651162791;9.18543449613627
"36";50.6976744186047;11.1307168753616;6.51162790697674;3.16133237313042;42.3255813953488;9.23781178661877
"37";50.6976744186047;11.1307168753616;6.04651162790698;2.941266552209;43.2558139534884;9.44794228035681
"38";50.6976744186047;11.1493952674666;5.58139534883721;2.93341708791578;43.7209302325581;9.56067205502561
"39";50.6976744186047;11.1493952674666;5.11627906976744;2.5653620085795;44.1860465116279;9.71879826462714
"40";50.6976744186047;11.1493952674666;4.65116279069767;2.2830879074403;44.6511627906977;9.88536957954119
"41";50.6976744186047;11.1493952674666;4.18604651162791;2.12822298353839;45.1162790697674;10.0464606281855
"42";50.6976744186047;11.1671503114699;3.72093023255814;2.12058555467651;45.1162790697674;10.0573630140109
"43";50.6976744186047;11.1866330445728;3.72093023255814;1.9749073473168;45.5813953488372;10.1799862367417
"44";50.6976744186047;11.1866330445728;3.25581395348837;1.84571879300617;46.046511627907;10.2287741974334
"45";50.6976744186047;11.1866330445728;2.7906976744186;1.72321129713543;46.5116279069767;10.4962138260648
"46";50.6976744186047;11.1866330445728;2.7906976744186;1.56751050411021;46.5116279069767;10.4663401977078
"47";50.6976744186047;11.1866330445728;2.32558139534884;1.4347755018317;46.9767441860465;10.5178868076926
"48";50.6976744186047;11.2070471126074;2.32558139534884;1.52759666278296;46.9767441860465;10.4694945281811
"49";50.2325581395349;11.2283874358601;2.32558139534884;1.5846679364333;46.9767441860465;10.5506095795625
"50";50.2325581395349;11.2283874358601;1.86046511627907;1.45134480859551;47.4418604651163;10.6437895727342
"51";50.2325581395349;11.2283874358601;1.86046511627907;1.2434680319884;47.4418604651163;10.7992622070579
"52";50.2325581395349;11.2283874358601;1.86046511627907;1.13804763937115;47.4418604651163;10.7649155972752
"53";50.2325581395349;11.2283874358601;1.86046511627907;1.14428356352707;47.906976744186;10.8114854845495
"54";50.2325581395349;11.5194726459985;1.3953488372093;0.835666559901566;47.906976744186;11.1502604318966
"55";50.2325581395349;11.5194726459985;1.3953488372093;0.835666559901566;47.906976744186;11.1502604318966
"56";50.2325581395349;11.5194726459985;1.3953488372093;0.871242615424832;47.906976744186;11.1037584115333
"57";50.2325581395349;11.5194726459985;1.3953488372093;0.869789332318959;47.906976744186;11.0982881864955
"58";49.3023255813954;11.0600032808951;1.3953488372093;0.851261044349953;48.8372093023256;10.7669072251191
"59";49.3023255813954;11.0607383527703;1.3953488372093;0.842495681158668;49.3023255813954;10.7540298738502
"60";49.3023255813954;11.0654672124375;1.3953488372093;0.856229536216067;49.3023255813954;10.7939586038796
"61";49.3023255813954;11.0654672124375;0.930232558139535;0.847932542670957;49.3023255813954;10.8872163409725
"62";49.3023255813954;11.0694596081101;0.930232558139535;0.813464774135076;49.3023255813954;10.82574331121
"63";49.3023255813954;11.0694596081101;0.930232558139535;0.810417263599257;49.3023255813954;10.8618292766497
"64";49.3023255813954;11.0694596081101;0.930232558139535;0.772910453877195;49.7674418604651;10.8880929402043
"65";48.8372093023256;11.3185946308564;0.930232558139535;0.697674418604651;49.7674418604651;11.2093619266059
"66";48.8372093023256;11.3230206910273;0.930232558139535;0.655351002298412;49.7674418604651;11.2754376652949
"67";48.8372093023256;11.3230206910273;0.930232558139535;0.673309149238014;50.2325581395349;11.3273748077949
"68";48.3720930232558;11.5684916128778;0.930232558139535;0.575943430108735;50.2325581395349;11.6017923806247
"69";48.3720930232558;11.5684916128778;0.930232558139535;0.501485084949949;50.6976744186047;11.602452759717
"70";48.3720930232558;11.5684916128778;0.930232558139535;0.508624021777496;50.6976744186047;11.6022973797827
"71";48.8372093023256;11.8861251531178;0.465116279069767;0.387818319922229;50.2325581395349;11.8957415154792
"72";48.8372093023256;11.8861251531178;0.465116279069767;0.371538900799061;50.2325581395349;11.8266950238476
"73";47.906976744186;12.1487305832639;0.465116279069767;0.333832819797802;51.1627906976744;12.1425235075993
"74";49.3023255813954;11.9751943823722;0.465116279069767;0.188148798826951;49.7674418604651;11.9335723063776
"75";49.3023255813954;11.9751943823722;0.465116279069767;0.294165363736593;50.2325581395349;11.8480638229552
"76";46.9767441860465;11.4145806178786;0.465116279069767;0.20509700085772;52.5581395348837;11.385324916757
"77";46.9767441860465;11.4145806178786;0.465116279069767;0.279500098873177;52.5581395348837;11.3620776747034
"78";46.046511627907;12.0462935625923;0.465116279069767;0.298079043935654;53.0232558139535;11.8918547558449
"79";42.7906976744186;7.94791046076049;0.465116279069767;0.320960725275514;56.2790697674419;8.04005015213141
"80";43.7209302325581;8.02780457505629;0.465116279069767;0.350126815213526;55.3488372093023;8.10246264090769
"81";45.1162790697674;8.29029810837932;0.465116279069767;0.25475467790938;53.953488372093;8.25237399673186
"82";45.1162790697674;8.29029810837932;0.465116279069767;0.25475467790938;53.953488372093;8.25237399673186
"83";45.1162790697674;8.29029810837932;0.465116279069767;0.25475467790938;53.953488372093;8.25237399673186
"84";45.1162790697674;8.29029810837932;0.465116279069767;0.25475467790938;53.953488372093;8.25237399673186
"85";45.1162790697674;8.29029810837932;0.465116279069767;0.328886874970487;53.953488372093;8.48375152993257
"86";48.3720930232558;5.86489312228767;0.465116279069767;0.232558139534884;51.1627906976744;5.83870699462032
"87";48.3720930232558;5.86489312228767;0.465116279069767;0.232558139534884;51.1627906976744;5.83870699462032
"88";48.3720930232558;5.86489312228767;0.465116279069767;0.232558139534884;51.1627906976744;5.83870699462032
"89";47.906976744186;5.9001364288645;0.465116279069767;0.232558139534884;51.1627906976744;5.86489312228767
"90";47.906976744186;5.9001364288645;0.465116279069767;0.232558139534884;51.1627906976744;5.86489312228767
"91";47.906976744186;5.9001364288645;0.465116279069767;0.232558139534884;51.1627906976744;5.86489312228767
"92";47.906976744186;5.9001364288645;0.465116279069767;0;51.1627906976744;5.9001364288645
"93";47.906976744186;5.9001364288645;0.465116279069767;0;51.1627906976744;5.9001364288645
"94";47.906976744186;5.9001364288645;0.465116279069767;0.232558139534884;51.6279069767442;5.7469001528219
"95";46.046511627907;5.36398260217246;0.465116279069767;0;53.4883720930233;5.36398260217246
"96";46.046511627907;5.36398260217246;0.465116279069767;0.268535008925407;53.4883720930233;5.14439070481769
"97";43.7209302325581;4.27552937461633;0.465116279069767;0;55.8139534883721;4.27552937461633
"98";43.7209302325581;4.27552937461633;0;0.328886874970487;56.2790697674419;3.94664249964585
"99";40.4651162790698;NA;0.465116279069767;NA;59.0697674418605;NA
"100";40.4651162790698;NA;0.465116279069767;NA;59.0697674418605;NA
"101";40.4651162790698;NA;0.465116279069767;NA;59.0697674418605;NA
"102";40.4651162790698;NA;0.465116279069767;NA;59.0697674418605;NA
"103";40.4651162790698;NA;0.465116279069767;NA;59.0697674418605;NA
"104";40.4651162790698;NA;0.465116279069767;NA;59.0697674418605;NA
