"allS";"sdAllS";"allI";"sdAllI";"allR";"sdAllR"
"1";100;0;0;0;0;0
"2";100;0;0;0;0;0
"3";99.0697674418605;0;0.930232558139535;0;0;0
"4";98.1395348837209;0.773519203077976;1.86046511627907;0.859952210758129;0;0.278252577495869
"5";95.3488372093023;3.17472010440465;4.18604651162791;3.17427176726491;0;0.365766286352116
"6";91.6279069767442;6.54559248370096;7.44186046511628;6.10045609779011;0.465116279069767;0.740812426620972
"7";86.9767441860465;9.9051607049408;11.6279069767442;9.00817045847637;1.3953488372093;1.27511349869139
"8";81.8604651162791;12.7202689921429;15.3488372093023;11.0234830502998;2.32558139534884;2.2336798487675
"9";76.2790697674419;14.3814224254386;19.5348837209302;11.7137589532326;4.18604651162791;3.30432473492391
"10";70.2325581395349;15.3198606343799;23.7209302325581;11.4986945632446;6.04651162790698;4.68263525757766
"11";64.6511627906977;16.2015289140702;26.9767441860465;12.0116838928456;8.37209302325581;5.59280759017957
"12";60.4651162790698;16.6442516240051;27.906976744186;12.1320338676517;11.1627906976744;6.14175064797404
"13";58.1395348837209;17.0603064105946;27.906976744186;11.7053723171616;13.953488372093;7.15544298772435
"14";55.8139534883721;17.4770921199194;26.9767441860465;11.5847178336261;16.7441860465116;8.03832866542175
"15";54.4186046511628;17.686589895383;26.046511627907;11.181542796935;19.5348837209302;8.73561391332223
"16";53.953488372093;17.9653153249184;23.7209302325581;10.0472822588522;22.3255813953488;9.76484782246654
"17";53.4883720930233;17.963176209252;21.8604651162791;9.27103058984749;24.6511627906977;10.4292599386319
"18";53.0232558139535;18.065694104135;20;8.47250407307554;26.5116279069767;10.95530861393
"19";53.0232558139535;18.0765154560549;18.1395348837209;7.82792217660783;28.3720930232558;11.447710239999
"20";53.0232558139535;18.0754603836893;16.2790697674419;7.31419721209118;30.6976744186047;12.0444131762081
"21";53.0232558139535;18.1350777564009;14.8837209302326;6.72088999746547;32.093023255814;12.5671122575954
"22";53.0232558139535;18.1350777564009;13.0232558139535;5.91318017730605;33.4883720930233;13.1064617721139
"23";53.0232558139535;18.1093651125393;11.6279069767442;5.12022769625488;35.3488372093023;13.7786682204995
"24";53.0232558139535;18.1093651125393;10.6976744186047;4.81539899891127;36.2790697674419;14.0588433875633
"25";53.0232558139535;18.1087520874901;9.30232558139535;4.47773360126142;37.6744186046512;14.4996930176505
"26";52.5581395348837;18.1319853730854;8.37209302325581;4.10578571079645;38.6046511627907;14.8780588985515
"27";52.5581395348837;18.1319853730854;7.90697674418605;3.8579425773633;39.0697674418605;15.262078153876
"28";52.5581395348837;18.1319853730854;6.97674418604651;3.38912257549289;40;15.5432771467791
"29";52.5581395348837;18.1319853730854;6.51162790697674;3.1627726977672;40.4651162790698;15.6888274630264
"30";52.5581395348837;18.1319853730854;6.04651162790698;2.90455223251387;41.3953488372093;15.895820921521
"31";52.5581395348837;18.1319853730854;5.11627906976744;2.84274196193974;41.8604651162791;16.035669443037
"32";52.5581395348837;18.1319853730854;4.65116279069767;2.5719002320393;42.3255813953488;16.2951485554058
"33";52.5581395348837;18.1319853730854;4.18604651162791;2.40926546381824;42.7906976744186;16.4583760381173
"34";52.5581395348837;18.1319853730854;3.72093023255814;2.24778062083316;43.2558139534884;16.5709795773008
"35";52.5581395348837;18.1319853730854;3.25581395348837;2.02050348113277;43.7209302325581;16.8385076286216
"36";52.5581395348837;18.1319853730854;2.7906976744186;1.8511086637062;44.1860465116279;17.0083205948493
"37";52.5581395348837;18.1319853730854;2.7906976744186;1.70394208619778;44.6511627906977;17.1788244457088
"38";52.5581395348837;18.1319853730854;2.32558139534884;1.4854622718764;44.6511627906977;17.3225786625194
"39";53.0232558139535;18.6281301596392;2.32558139534884;1.25299510867028;44.6511627906977;17.8664225750395
"40";51.1627906976744;17.5517740610777;2.32558139534884;1.08461969884677;46.5116279069767;17.0022213035895
"41";51.1627906976744;17.5517740610777;1.86046511627907;1.00757653950819;46.9767441860465;17.076406468236
"42";51.1627906976744;17.5517740610777;1.86046511627907;0.9557231012355;46.9767441860465;17.1495287259274
"43";51.1627906976744;17.5517740610777;1.86046511627907;0.81736630622652;46.9767441860465;17.2827213416167
"44";51.1627906976744;17.5517740610777;1.3953488372093;0.693354411627842;47.4418604651163;17.3528763207389
"45";51.1627906976744;17.5517740610777;1.3953488372093;0.715928794715348;47.4418604651163;17.4674484242777
"46";51.1627906976744;17.5517740610777;0.930232558139535;0.699445489788017;47.4418604651163;17.4904425496421
"47";51.1627906976744;17.5517740610777;0.930232558139535;0.705483980148243;47.4418604651163;17.5200053155179
"48";51.1627906976744;17.5517740610777;0.930232558139535;0.666846919925785;47.906976744186;17.4467946610435
"49";50.2325581395349;17.6240372003558;0.930232558139535;0.545397181374817;48.8372093023256;17.5263344266497
"50";50.2325581395349;17.6240372003558;0.930232558139535;0.478600702723281;48.8372093023256;17.522703662359
"51";50.2325581395349;17.6240372003558;0.930232558139535;0.478600702723281;48.8372093023256;17.522703662359
"52";50.2325581395349;17.6240372003558;0.930232558139535;0.461683639690457;48.8372093023256;17.5514115447029
"53";50.2325581395349;17.6240372003558;0.930232558139535;0.326459632388009;48.8372093023256;17.53858270702
"54";50.2325581395349;17.6240372003558;0.930232558139535;0.331296334837547;48.8372093023256;17.5624196412146
"55";50.2325581395349;17.6240372003558;0.465116279069767;0.333688397199739;48.8372093023256;17.5591134073691
"56";50.2325581395349;17.6240372003558;0.465116279069767;0.319067135148854;48.8372093023256;17.6391036056958
"57";51.1627906976744;17.6842078153738;0.465116279069767;0.232558139534884;47.906976744186;17.6367407454197
"58";50.2325581395349;17.8379102693479;0.465116279069767;0.163658500127674;49.3023255813954;17.8484178638501
"59";50.2325581395349;17.8379102693479;0.465116279069767;0.212901259635843;49.3023255813954;17.8765039649712
"60";51.1627906976744;18.0155915544247;0.465116279069767;0.28638508196041;47.906976744186;18.0170760120025
"61";50.6976744186047;19.2654325334935;0.465116279069767;0.208006323488353;48.3720930232558;19.3158973149086
"62";50.6976744186047;20.3073552823845;0.465116279069767;0.294165363736593;48.3720930232558;20.493051171686
"63";58.1395348837209;20.1270783141738;0.465116279069767;0.268535008925407;40.9302325581395;20.0912184907863
"64";54.4186046511628;19.0095475712667;0.465116279069767;0.189882925797146;44.6511627906977;19.094519764974
"65";54.4186046511628;19.0095475712667;0.465116279069767;0.189882925797146;44.6511627906977;19.094519764974
"66";54.4186046511628;19.0095475712667;0.465116279069767;0.294165363736593;45.1162790697674;19.1952761450436
"67";58.6046511627907;18.0570575755177;0.465116279069767;0.208006323488353;40.9302325581395;18.1425161533415
"68";58.6046511627907;18.0570575755177;0.465116279069767;0.208006323488353;40.9302325581395;18.1425161533415
"69";58.6046511627907;18.0570575755177;0.465116279069767;0.208006323488353;40.9302325581395;18.1425161533415
"70";58.6046511627907;18.0570575755177;0.465116279069767;0.328886874970487;40.9302325581395;18.2950991909798
"71";64.1860465116279;14.2171472527033;0.465116279069767;0.232558139534884;34.8837209302326;14.2974403959201
"72";64.1860465116279;14.2171472527033;0.465116279069767;0.379765851594291;34.8837209302326;14.423605034407
"73";68.3720930232558;14.7180704326274;0.465116279069767;0.465116279069767;31.1627906976744;14.5777661989662
"74";61.8604651162791;13.8132487487605;0.930232558139535;0.328886874970487;37.2093023255814;14.142135623731
"75";61.8604651162791;13.8132487487605;0.930232558139535;0.328886874970487;37.2093023255814;14.142135623731
"76";61.8604651162791;13.8132487487605;0.930232558139535;0.328886874970487;37.2093023255814;14.142135623731
"77";61.8604651162791;13.8132487487605;0.465116279069767;0;37.6744186046512;13.8132487487605
"78";61.8604651162791;13.8132487487605;0;0.328886874970487;37.6744186046512;13.48436187379
"79";52.093023255814;NA;0.465116279069767;NA;47.4418604651163;NA
"80";52.093023255814;NA;0.465116279069767;NA;47.4418604651163;NA
"81";52.093023255814;NA;0.465116279069767;NA;47.4418604651163;NA
"82";52.093023255814;NA;0.465116279069767;NA;47.4418604651163;NA
"83";52.093023255814;NA;0.465116279069767;NA;47.4418604651163;NA
"84";52.093023255814;NA;0.465116279069767;NA;47.4418604651163;NA
"85";52.093023255814;NA;0.465116279069767;NA;47.4418604651163;NA
"86";52.093023255814;NA;0.465116279069767;NA;47.4418604651163;NA
"87";52.093023255814;NA;0.465116279069767;NA;47.4418604651163;NA
"88";52.093023255814;NA;0.465116279069767;NA;47.4418604651163;NA
"89";52.093023255814;NA;0.465116279069767;NA;47.4418604651163;NA
"90";52.093023255814;NA;0.465116279069767;NA;47.4418604651163;NA
"91";52.093023255814;NA;0.465116279069767;NA;47.4418604651163;NA
"92";52.093023255814;NA;0.465116279069767;NA;47.4418604651163;NA
"93";52.093023255814;NA;0.465116279069767;NA;47.4418604651163;NA
"94";52.093023255814;NA;0.465116279069767;NA;47.4418604651163;NA
"95";52.093023255814;NA;0.465116279069767;NA;47.4418604651163;NA
"96";52.093023255814;NA;0.465116279069767;NA;47.4418604651163;NA
"97";52.093023255814;NA;0.465116279069767;NA;47.4418604651163;NA
"98";52.093023255814;NA;0.465116279069767;NA;47.4418604651163;NA
"99";52.093023255814;NA;0.465116279069767;NA;47.4418604651163;NA
