"allS";"sdAllS";"allI";"sdAllI";"allR";"sdAllR"
"1";100;0;0;0;0;0
"2";100;0;0;0;0;0
"3";98.3333333333333;0;1.66666666666667;0;0;0
"4";95;2.05195670417031;3.33333333333333;2.12200941953804;0;0.683985568056769
"5";90;5.65775873629555;10;5.76082758836992;0;1.0080088647155
"6";78.3333333333333;12.5875749664009;20;11.8935062356858;1.66666666666667;1.61719962678653
"7";61.6666666666667;18.2142151856129;35;16.4464002314123;3.33333333333333;2.61822472579224
"8";46.6666666666667;20.0583942848512;46.6666666666667;17.1465987284131;6.66666666666667;4.30331482911935
"9";33.3333333333333;17.0444513064481;55;13.1924821563303;10;6.2970129164482
"10";23.3333333333333;14.0718937471908;60;9.73161618007427;16.6666666666667;7.64719112901872
"11";16.6666666666667;10.4270416169253;61.6666666666667;7.40874744214354;21.6666666666667;9.38405183542283
"12";11.6666666666667;7.07910377105955;60;7.87635937708768;26.6666666666667;10.4433867823317
"13";8.33333333333333;4.34650868534585;58.3333333333333;8.48688932697623;33.3333333333333;10.0137981478722
"14";6.66666666666667;3.69614237902572;55;10.0776710697975;38.3333333333333;10.2177399275364
"15";5;4.12798811770759;50;9.15092570156602;43.3333333333333;9.42119601605706
"16";5;3.77872365179662;46.6666666666667;9.71908888522655;46.6666666666667;10.4122310244147
"17";5;3.73548740418819;43.3333333333333;9.29447494253655;51.6666666666667;9.4744963914366
"18";3.33333333333333;3.89723415361243;40;8.93173154881174;55;8.78502920550925
"19";3.33333333333333;3.59589687477034;36.6666666666667;9.7699330572333;58.3333333333333;9.44186411259597
"20";3.33333333333333;3.51364184463153;33.3333333333333;9.75745495636393;63.3333333333333;9.38664805952435
"21";3.33333333333333;3.51364184463153;30;9.00689217003862;66.6666666666667;8.6217157866583
"22";3.33333333333333;3.51364184463153;26.6666666666667;7.63443517163278;68.3333333333333;7.3669705246357
"23";3.33333333333333;3.51364184463153;23.3333333333333;6.35479077719812;71.6666666666667;6.37902875030917
"24";3.33333333333333;3.53438507278919;21.6666666666667;6.16931348286846;75;6.46377419686797
"25";3.33333333333333;3.53438507278919;18.3333333333333;6.11908039653715;76.6666666666667;6.69462946530372
"26";3.33333333333333;3.46475805909405;18.3333333333333;6.72609960188302;78.3333333333333;7.2019508583676
"27";3.33333333333333;3.5251809293702;16.6666666666667;6.72368405157999;80;7.53376631093707
"28";3.33333333333333;3.5251809293702;15;5.94402086264799;81.6666666666667;6.91426189436441
"29";3.33333333333333;3.5251809293702;13.3333333333333;5.55555555555556;83.3333333333333;6.74177958278228
"30";3.33333333333333;3.53897816773923;11.6666666666667;4.94610327650286;85;6.39428960644966
"31";3.33333333333333;3.53897816773923;11.6666666666667;4.65858392202443;85;6.2413032410586
"32";3.33333333333333;3.53897816773923;10;5.10608702984343;86.6666666666667;6.7874056821025
"33";3.33333333333333;3.53897816773923;8.33333333333333;4.30520183417786;86.6666666666667;6.00654830015802
"34";3.33333333333333;3.53897816773923;8.33333333333333;3.73548740418819;88.3333333333333;5.59198581839336
"35";3.33333333333333;3.53897816773923;6.66666666666667;3.39130869412818;90;5.1661793142469
"36";3.33333333333333;3.53897816773923;6.66666666666667;3.13752363830086;90;4.93953037887942
"37";3.33333333333333;3.53897816773923;5;2.79817075678836;90;4.9329487232195
"38";3.33333333333333;3.53897816773923;5;2.60578653323524;91.6666666666667;4.49893496890663
"39";3.33333333333333;3.53897816773923;5;2.49756216421785;91.6666666666667;4.65858392202443
"40";3.33333333333333;3.53897816773923;3.33333333333333;2.49756216421785;91.6666666666667;4.75521669011839
"41";3.33333333333333;3.56493859955415;3.33333333333333;2.04568376758944;91.6666666666667;4.32540753303055
"42";3.33333333333333;3.56493859955415;3.33333333333333;1.60563640477624;93.3333333333333;4.02425471342801
"43";3.33333333333333;3.65483831889386;3.33333333333333;1.61690416690889;93.3333333333333;3.66878281181394
"44";3.33333333333333;3.74536750904071;3.33333333333333;1.34370962471643;93.3333333333333;3.80058475033046
"45";3.33333333333333;3.74536750904071;3.33333333333333;1.21239738015529;93.3333333333333;3.75
"46";3.33333333333333;3.74536750904071;1.66666666666667;1.19799214738043;93.3333333333333;3.5746017649212
"47";3.33333333333333;3.84212242932273;1.66666666666667;0.845154254728517;93.3333333333333;3.73741273720925
"48";3.33333333333333;3.84212242932273;1.66666666666667;0.813250060790444;93.3333333333333;3.77263889509773
"49";3.33333333333333;3.84212242932273;1.66666666666667;0.762896180361772;93.3333333333333;3.75154289247425
"50";3.33333333333333;3.84212242932273;1.66666666666667;0.762896180361772;93.3333333333333;3.75154289247425
"51";3.33333333333333;3.84212242932273;1.66666666666667;0.762896180361772;95;3.87639717088626
"52";3.33333333333333;3.98601033469287;1.66666666666667;0.924500327042049;95;3.70830503755102
"53";1.66666666666667;2.14676171444011;1.66666666666667;0.858214417574062;95;2.49578769709209
"54";1.66666666666667;2.14381892797867;1.66666666666667;0.74535599249993;95;2.50252397843183
"55";3.33333333333333;2.11549252940664;1.66666666666667;0.785674201318386;95;2.38953479640073
"56";3.33333333333333;2.22222222222222;1.66666666666667;0.555555555555555;95;2.51538476059373
"57";3.33333333333333;2.13623314820552;1.66666666666667;0.58925565098879;95;2.34647658862226
"58";3.33333333333333;2.24197569711516;1.66666666666667;0;95;2.24197569711516
"59";3.33333333333333;2.24197569711516;1.66666666666667;0.813250060790444;95;2.12069670093451
"60";3.33333333333333;2.52762514801718;1.66666666666667;0;95;2.52762514801718
"61";3.33333333333333;2.52762514801718;1.66666666666667;0;95;2.52762514801718
"62";3.33333333333333;2.52762514801718;1.66666666666667;0;95;2.52762514801718
"63";3.33333333333333;2.52762514801718;1.66666666666667;0.74535599249993;95;2.78886675511359
"64";3.33333333333333;2.84637521276656;0;0.962250448649376;95;3.43592135468138
"65";3.33333333333333;3.53553390593274;1.66666666666667;0;93.3333333333333;3.53553390593274
"66";3.33333333333333;3.53553390593274;1.66666666666667;0;93.3333333333333;3.53553390593274
"67";3.33333333333333;3.53553390593274;0;1.17851130197758;95;4.71404520791032
"68";6.66666666666667;NA;1.66666666666667;NA;91.6666666666667;NA
"69";6.66666666666667;NA;1.66666666666667;NA;91.6666666666667;NA
"70";6.66666666666667;NA;1.66666666666667;NA;91.6666666666667;NA
"71";6.66666666666667;NA;1.66666666666667;NA;91.6666666666667;NA
"72";6.66666666666667;NA;1.66666666666667;NA;91.6666666666667;NA
"73";6.66666666666667;NA;1.66666666666667;NA;91.6666666666667;NA
"74";6.66666666666667;NA;1.66666666666667;NA;91.6666666666667;NA
