"allS";"sdAllS";"allI";"sdAllI";"allR";"sdAllR"
"1";100;0;0;0;0;0
"2";100;0;0;0;0;0
"3";99.0697674418605;0;0.930232558139535;0;0;0
"4";98.1395348837209;0.758656738375411;1.3953488372093;0.743497233239269;0;0.218680160921687
"5";97.2093023255814;1.65925405574898;2.32558139534884;1.71576186426648;0;0.333186232284362
"6";95.8139534883721;2.67519013936308;3.25581395348837;2.41869880242316;0.465116279069767;0.5621034273295
"7";93.953488372093;4.03100775193798;4.65116279069767;3.66509170253423;0.930232558139535;0.846944621395652
"8";91.6279069767442;5.79447300789055;6.97674418604651;5.21242936200995;1.3953488372093;0.981196099872906
"9";89.3023255813954;7.28499851320164;8.37209302325581;6.35141244662769;2.32558139534884;1.39942285708264
"10";86.9767441860465;8.91637825548539;9.76744186046512;6.99105472804588;3.25581395348837;2.29022490860225
"11";84.1860465116279;10.5701994053756;11.1627906976744;7.92703115162369;4.65116279069767;3.06569301291243
"12";81.8604651162791;11.919902375009;12.093023255814;8.2480957595258;5.58139534883721;4.08215363700099
"13";79.0697674418605;12.3181082461893;13.4883720930233;7.93865421251457;6.97674418604651;4.61882664364897
"14";77.2093023255814;12.5885587457531;13.953488372093;7.67554699751634;8.37209302325581;5.3443745137433
"15";75.8139534883721;12.5763380549274;14.4186046511628;6.94475108638394;9.76744186046512;5.82491746262669
"16";74.4186046511628;12.4862975760466;14.4186046511628;6.08230080764693;11.1627906976744;6.73162133919357
"17";73.0232558139535;12.3073423860182;14.4186046511628;5.6566967775246;12.093023255814;7.15513929555743
"18";72.0930232558139;12.1237347814389;14.4186046511628;5.21251502348484;13.4883720930233;7.59587549054853
"19";70.2325581395349;11.9325942314153;14.4186046511628;4.8860003800324;14.8837209302326;8.11515685789572
"20";69.3023255813954;11.8652178514798;14.4186046511628;4.72483079685975;16.2790697674419;8.37686273750739
"21";68.3720930232558;11.9271718937234;13.4883720930233;5.06977720324087;17.6744186046512;8.44846187525889
"22";67.4418604651163;12.2015080905303;13.0232558139535;5.29967427307038;19.0697674418605;8.63874227496887
"23";66.5116279069767;11.9957032030834;12.5581395348837;4.73133517557641;20.9302325581395;9.18654193734262
"24";65.5813953488372;12.0503004380661;12.5581395348837;4.74364656917392;21.8604651162791;9.31629897452953
"25";64.6511627906977;12.3071126117369;12.093023255814;5.28845688814705;23.2558139534884;9.48181450688341
"26";63.7209302325581;12.4652172330772;11.6279069767442;5.63541021246859;24.1860465116279;9.73023988197876
"27";63.2558139534884;12.4721062632697;11.1627906976744;5.60187760243553;25.5813953488372;9.98399196626736
"28";62.7906976744186;12.3128556824019;10.2325581395349;5.38365059340274;26.9767441860465;10.0062017482168
"29";62.3255813953488;12.180979605626;9.76744186046512;5.15530446500234;27.906976744186;10.2641871849183
"30";62.3255813953488;12.1949299811933;9.30232558139535;4.60994044623412;28.3720930232558;10.3503357405035
"31";61.8604651162791;12.3466567931931;8.83720930232558;4.5044500482942;29.3023255813954;10.6266601477171
"32";61.3953488372093;12.3582465285213;7.90697674418605;4.19633600540985;30.2325581395349;10.7731104482425
"33";60.9302325581395;12.3914959390151;7.44186046511628;4.11261186100712;31.1627906976744;10.8190801890997
"34";60.9302325581395;12.3254523391019;6.51162790697674;3.76559678143937;32.093023255814;11.1561070835857
"35";60.4651162790698;12.3875015904842;6.51162790697674;3.65624346985857;33.0232558139535;11.2082975748955
"36";60.4651162790698;12.4185095803984;5.58139534883721;3.67697091297894;33.4883720930233;11.1983587473592
"37";60.4651162790698;12.4182818630332;5.11627906976744;3.48142389545239;33.953488372093;11.0905156297594
"38";60.4651162790698;12.4561110684043;4.65116279069767;3.07386866939655;34.4186046511628;11.2981670553842
"39";60;12.5084445683633;4.65116279069767;3.15815580923295;34.8837209302326;11.2185111828645
"40";60;12.5180491966552;4.18604651162791;2.98803244219713;35.3488372093023;11.3277882838262
"41";60;12.4972486959652;4.18604651162791;2.83705231563174;35.8139534883721;11.2899042708088
"42";59.5348837209302;12.5192916100621;3.72093023255814;2.95842898758896;36.2790697674419;11.4667044484547
"43";58.1395348837209;11.2090071539319;3.72093023255814;2.6461661220017;37.6744186046512;10.3967213262284
"44";58.1395348837209;11.2182984942106;3.72093023255814;2.38734668032284;38.1395348837209;10.5358605949756
"45";57.6744186046512;11.3096669901963;3.25581395348837;2.52055463857906;38.6046511627907;10.569926587904
"46";57.6744186046512;11.3524836598864;3.25581395348837;2.06394144617978;38.6046511627907;10.7038434600488
"47";57.6744186046512;11.4063014451956;2.7906976744186;2.20479776940145;39.0697674418605;10.8209750235965
"48";57.6744186046512;11.5183622469172;2.7906976744186;2.36895261663395;39.5348837209302;10.973515025031
"49";57.6744186046512;11.8994646846008;2.7906976744186;2.18633512856409;39.5348837209302;11.4292723973138
"50";57.6744186046512;11.9109353279159;2.32558139534884;1.92054165786629;39.5348837209302;11.460461026376
"51";57.6744186046512;11.9085512524873;2.32558139534884;1.57471228067258;40;11.4896823155193
"52";57.6744186046512;11.9085512524873;1.86046511627907;1.53998447731566;40.4651162790698;11.5881101918579
"53";57.6744186046512;11.9085512524873;1.86046511627907;1.4457935853367;40.4651162790698;11.5859319902599
"54";57.6744186046512;11.9085512524873;1.3953488372093;1.40788938303863;40.4651162790698;11.5993059103684
"55";57.6744186046512;11.9245494722181;1.3953488372093;1.2648968117892;40.9302325581395;11.6109954539551
"56";57.6744186046512;11.9392428612938;1.3953488372093;1.17512834490773;40.9302325581395;11.5069679707687
"57";57.6744186046512;11.9392428612938;0.930232558139535;1.17512834490773;41.3953488372093;11.5438824613868
"58";56.7441860465116;11.9716199297143;0.930232558139535;1.02002914194192;41.8604651162791;11.692137110266
"59";56.7441860465116;11.9863254475111;0.930232558139535;0.887153095003389;42.3255813953488;11.730400997137
"60";56.7441860465116;11.5803439879323;0.930232558139535;0.878085158459152;41.8604651162791;11.2393024860424
"61";56.7441860465116;11.5803439879323;0.930232558139535;0.696679871529393;41.8604651162791;11.3303612178424
"62";56.7441860465116;11.6002055242385;0.930232558139535;0.710476851931138;41.8604651162791;11.3345217981838
"63";56.7441860465116;11.6002055242385;0.930232558139535;0.694686505865746;42.3255813953488;11.3984516238709
"64";56.7441860465116;12.6717901729831;0.930232558139535;0.657773749940974;41.8604651162791;12.4391828934061
"65";56.7441860465116;12.6717901729831;0.930232558139535;0.657773749940974;41.8604651162791;12.4391828934061
"66";56.7441860465116;12.6717901729831;0.930232558139535;0.604813768995813;41.8604651162791;12.4597192569829
"67";56.7441860465116;12.6717901729831;0.930232558139535;0.524721930063038;42.3255813953488;12.4464534803358
"68";55.3488372093023;9.14433009631006;0.930232558139535;0.431609640529459;43.7209302325581;8.93795424132787
"69";55.3488372093023;9.14433009631006;0.930232558139535;0.465116279069767;43.7209302325581;8.98221841090914
"70";54.4186046511628;9.49631613248414;0.930232558139535;0.248615108755744;44.6511627906977;9.46698129486711
"71";54.4186046511628;9.49631613248414;0.465116279069767;0.240720543956635;44.6511627906977;9.37822029988638
"72";54.4186046511628;9.49631613248414;0.465116279069767;0.328886874970487;44.6511627906977;9.36441075711322
"73";53.953488372093;10.2068538524071;0.465116279069767;0.320960725275514;45.1162790697674;10.2602062800118
"74";55.8139534883721;9.75931740365716;0.465116279069767;0.240185013718289;43.2558139534884;9.67918785246595
"75";55.8139534883721;9.75931740365716;0.465116279069767;0.240185013718289;43.2558139534884;9.67918785246595
"76";55.8139534883721;9.75931740365716;0.465116279069767;0.416012646976705;43.2558139534884;9.62989156791909
"77";54.4186046511628;10.3124086657596;0.465116279069767;0.232558139534884;45.1162790697674;10.3794946997309
"78";55.8139534883721;12.1317210291409;0.465116279069767;0;43.2558139534884;12.1317210291409
"79";55.8139534883721;12.1317210291409;0.465116279069767;0.268535008925407;43.7209302325581;11.8764142649337
"80";49.3023255813954;5.2621899995278;0.465116279069767;0;50.2325581395349;5.2621899995278
"81";49.3023255813954;5.2621899995278;0.465116279069767;0;50.2325581395349;5.2621899995278
"82";49.3023255813954;5.2621899995278;0.465116279069767;0;50.2325581395349;5.2621899995278
"83";49.3023255813954;5.2621899995278;0.465116279069767;0;50.2325581395349;5.2621899995278
"84";49.3023255813954;5.2621899995278;0.465116279069767;0;50.2325581395349;5.2621899995278
"85";49.3023255813954;5.2621899995278;0.465116279069767;0;50.2325581395349;5.2621899995278
"86";49.3023255813954;5.2621899995278;0.465116279069767;0;50.2325581395349;5.2621899995278
"87";49.3023255813954;5.2621899995278;0.465116279069767;0;50.2325581395349;5.2621899995278
"88";49.3023255813954;5.2621899995278;0.465116279069767;0;50.2325581395349;5.2621899995278
"89";49.3023255813954;5.2621899995278;0.465116279069767;0;50.2325581395349;5.2621899995278
"90";49.3023255813954;5.2621899995278;0;0.328886874970487;50.2325581395349;5.59107687449828
"91";53.0232558139535;NA;0.465116279069767;NA;46.5116279069767;NA
"92";53.0232558139535;NA;0.465116279069767;NA;46.5116279069767;NA
"93";53.0232558139535;NA;0.465116279069767;NA;46.5116279069767;NA
"94";53.0232558139535;NA;0.465116279069767;NA;46.5116279069767;NA
"95";53.0232558139535;NA;0.465116279069767;NA;46.5116279069767;NA
"96";53.0232558139535;NA;0.465116279069767;NA;46.5116279069767;NA
