"allS";"sdAllS";"allI";"sdAllI";"allR";"sdAllR"
"1";100;0;0;0;0;0
"2";100;0;0;0;0;0
"3";99.21875;0;0.78125;0;0;0
"4";96.875;2.66174692447781;3.125;2.71196171214215;0;0.240463676269958
"5";84.375;13.154325302237;15.625;13.1401536698123;0;0.446281695763656
"6";60.15625;26.8175401271331;38.28125;25.6122037108643;1.5625;1.51818320455691
"7";37.5;28.4241164193869;57.03125;25.0178223376639;5.46875;4.25574664695002
"8";24.21875;26.7041922771839;64.0625;21.8595384149868;11.71875;7.09265946289394
"9";17.1875;24.4430666529655;64.0625;18.5787478177883;17.96875;8.92527400342332
"10";13.28125;19.2419361634706;63.28125;12.807873342277;23.4375;9.74619778152209
"11";8.59375;10.6592755727591;60.9375;7.61795184255541;29.6875;11.0074712030595
"12";6.25;4.25650141269985;57.03125;7.83877161681129;36.71875;10.4797296115054
"13";5.46875;3.49385621484342;51.5625;8.26058742992894;42.1875;10.3802474641871
"14";4.6875;2.88194375638511;46.875;8.11740535743055;47.65625;9.57595413065119
"15";4.6875;2.5758812006193;42.1875;7.11707488608983;52.34375;8.55018488060923
"16";4.6875;2.6252912393262;38.28125;5.72081228992692;57.03125;7.19998111833919
"17";3.90625;2.62773735328739;34.375;5.53530924497448;60.9375;6.76475509479824
"18";3.90625;2.5486124804799;31.25;6.17905353683068;64.0625;7.1973036329381
"19";3.90625;2.50410846620635;28.125;5.57333616124874;67.1875;6.55248197595615
"20";3.90625;2.50410846620635;25;5.70450483488131;70.3125;6.58097727730024
"21";3.90625;2.50410846620635;22.65625;5.23710528753845;72.65625;6.14059256553641
"22";3.90625;2.43483902914789;20.3125;4.84189268295875;75;5.82693872857318
"23";3.90625;2.43483902914789;18.75;4.47360106588758;77.34375;5.58945158833925
"24";3.90625;2.42988647327942;17.1875;4.15259410837941;78.90625;5.18904047355426
"25";3.90625;2.42988647327942;15.625;4.01253432925141;80.46875;4.92086325231928
"26";3.90625;2.42988647327942;14.0625;3.56575192068495;81.25;4.55966025540685
"27";3.90625;2.42988647327942;12.5;3.51768032025742;82.8125;4.5561362883796
"28";3.90625;2.42988647327942;11.71875;3.34231054542698;84.375;4.43592303104275
"29";3.90625;2.42988647327942;10.15625;3.32810376506692;85.15625;4.39390300699372
"30";3.90625;2.42988647327942;9.375;3.04059533373855;86.71875;4.10278608002185
"31";3.90625;2.42988647327942;7.8125;2.55364926895135;87.5;3.35693569639587
"32";3.90625;2.42988647327942;7.8125;2.31305280999142;88.28125;3.20492969057763
"33";3.90625;2.42988647327942;7.03125;2.57369785356544;89.0625;3.31068408517667
"34";3.90625;2.42988647327942;6.25;2.28510792655834;89.84375;2.91739471450647
"35";3.90625;2.43747627771857;5.46875;1.97967156533071;89.84375;2.92838512718614
"36";3.90625;2.43747627771857;4.6875;2.13991656544651;90.625;3.15161364788362
"37";3.90625;2.43747627771857;3.90625;1.93702243689964;91.40625;3.04666412900521
"38";3.90625;2.43747627771857;3.90625;1.78287596034248;92.1875;2.93413861429462
"39";3.90625;2.43747627771857;3.125;1.59102256302437;92.1875;2.90636274187093
"40";3.90625;2.43747627771857;3.125;1.64267963449327;92.1875;2.93933444609826
"41";3.90625;2.49639954550338;3.125;1.59416023558648;92.1875;3.02871589529543
"42";3.90625;2.49639954550338;3.125;1.35842994557399;92.96875;3.09054470231666
"43";3.90625;2.49639954550338;2.34375;1.32383153198324;92.96875;3.17035795938618
"44";3.90625;2.49639954550338;2.34375;1.17832956850065;92.96875;3.01749948370127
"45";3.90625;2.49639954550338;2.34375;1.24462018473097;93.75;3.08418614480451
"46";3.90625;2.49639954550338;1.5625;0.968879683830643;93.75;2.64564014524713
"47";3.90625;2.54215380256238;1.5625;0.70897282263518;94.53125;2.71956335027822
"48";3.90625;2.54215380256238;1.5625;0.748656288804375;94.53125;2.74329631244676
"49";3.90625;2.42005832006553;1.5625;0.679890837569554;94.53125;2.52976592750751
"50";3.90625;2.48489905374276;0.78125;0.691454064966237;94.53125;2.55951299485534
"51";3.90625;2.73222786578589;1.5625;0.508159090303118;94.53125;2.69619057371241
"52";3.90625;2.73222786578589;0.78125;0.606445332661082;94.53125;2.80151657002907
"53";3.90625;2.83565150333925;1.5625;0.407994506146167;94.53125;2.91286997544427
"54";3.90625;2.83565150333925;0.78125;0.485610594146923;94.53125;2.75375303477185
"55";3.90625;2.72878893696453;0.78125;0.505210773970987;94.53125;2.77516251571622
"56";3.90625;2.87639609822585;0.78125;0.403435765229939;94.53125;2.90455072783306
"57";3.90625;2.87639609822585;0.78125;0.494105884401309;94.53125;2.91852619294206
"58";3.90625;3.03695411189859;0.78125;0.46947282232604;95.3125;3.09501675104289
"59";4.6875;3.279300724857;0.78125;0.451054897804395;94.53125;3.05444914808125
"60";3.90625;3.35118915461363;0.78125;0.318943976924893;94.53125;3.21801670449621
"61";3.90625;3.35118915461363;0.78125;0.318943976924893;94.53125;3.21801670449621
"62";3.90625;3.32987287826678;0.78125;0.403435765229939;94.53125;3.21801670449621
"63";3.90625;3.32987287826678;0.78125;0.403435765229939;94.53125;3.21801670449621
"64";3.90625;3.32987287826678;0.78125;0.58810363492897;95.3125;3.27752765053172
"65";3.90625;3.70579413300982;0.78125;0.349385621484342;94.53125;3.72222789049112
"66";3.90625;3.70579413300982;0.78125;0.55242717280199;95.3125;3.40538979964115
"67";2.34375;1.42636082683637;0.78125;0.390625;96.09375;1.73230920516277
"68";2.34375;1.42636082683637;0.78125;0.390625;96.09375;1.73230920516277
"69";2.34375;1.42636082683637;0.78125;0.637887953849786;96.875;2.0171788261497
"70";3.125;1.19337908722808;0.78125;0.451054897804395;96.09375;1.5625
"71";3.125;1.19337908722808;0.78125;0.451054897804395;96.09375;1.5625
"72";3.125;1.19337908722808;0.78125;0.451054897804395;96.09375;1.5625
"73";3.125;1.19337908722808;0.78125;0;96.09375;1.19337908722808
"74";3.125;1.19337908722808;0.78125;0.451054897804395;96.09375;0.90210979560879
"75";2.34375;1.10485434560398;0.78125;0;96.875;1.10485434560398
"76";2.34375;1.10485434560398;0.78125;0;96.875;1.10485434560398
"77";2.34375;1.10485434560398;0.78125;0;96.875;1.10485434560398
"78";2.34375;1.10485434560398;0.78125;0;96.875;1.10485434560398
"79";2.34375;1.10485434560398;0.78125;0;96.875;1.10485434560398
"80";2.34375;1.10485434560398;0;0.55242717280199;96.875;1.65728151840597
"81";3.125;NA;0.78125;NA;96.09375;NA
