"allS";"sdAllS";"allI";"sdAllI";"allR";"sdAllR"
"1";100;0;0;0;0;0
"2";100;0;0;0;0;0
"3";98.5714285714286;0;1.42857142857143;0;0;0
"4";94.2857142857143;2.59202279498271;5.71428571428571;2.7065580537629;0;0.523353640760748
"5";80;10.5333086332178;20;10.3148605425808;0;0.718035271357192
"6";51.4285714285714;18.2687891595935;45.7142857142857;17.2826381405038;1.42857142857143;1.8188652167469
"7";22.8571428571429;19.1128425902507;72.8571428571428;17.3315120638363;4.28571428571429;3.60212373209339
"8";8.57142857142857;13.8357714432037;81.4285714285714;12.314357238597;10;4.50325100372807
"9";2.85714285714286;7.75947499525151;80;6.31945829708812;15.7142857142857;5.871429486124
"10";1.42857142857143;1.92641204645255;74.2857142857143;5.3752825719444;22.8571428571429;6.15368864955837
"11";0;0.86710996952412;68.5714285714286;5.97883844320682;30;6.19933817194542
"12";0;0.729168265048629;62.8571428571429;6.67650545022266;37.1428571428571;6.69217283315264
"13";0;0.671660494259467;58.5714285714286;7.11422834170785;40;7.31227650975413
"14";0;0.634659511884742;52.8571428571429;7.90484494324836;45.7142857142857;8.14081230095876
"15";0;0.586273344048659;48.5714285714286;9.14144725971486;50;9.3344585276435
"16";0;0.586273344048659;44.2857142857143;9.44200455696277;54.2857142857143;9.65127730397803
"17";0;0.586273344048659;41.4285714285714;8.04925759297506;57.1428571428571;8.27040327641026
"18";0;0.586273344048659;38.5714285714286;7.6074473093794;60;7.81636719539136
"19";0;0.586273344048659;35.7142857142857;7.27656804647003;62.8571428571429;7.47749936661037
"20";0;0.586273344048659;32.8571428571429;6.44900678453525;67.1428571428571;6.58742740264948
"21";0;0.523353640760748;30;6.29519107888365;68.5714285714286;6.44900678453525
"22";0;0.523353640760748;27.1428571428571;6.0324934681779;71.4285714285714;6.17459887937346
"23";0;0.523353640760748;25.7142857142857;6.5136393294928;74.2857142857143;6.64061325186931
"24";0;0.523353640760748;22.8571428571429;6.58090196528498;77.1428571428572;6.65999487134628
"25";0;0.523353640760748;21.4285714285714;6.25754110038328;78.5714285714286;6.33812734306995
"26";0;0.523353640760748;18.5714285714286;5.95859324944674;80;6.00930177649876
"27";0;0.523353640760748;17.1428571428571;5.84438368204775;81.4285714285714;5.90426669440931
"28";0;0.523353640760748;15.7142857142857;5.10838488498959;82.8571428571429;5.20059485980315
"29";0;0.523353640760748;14.2857142857143;4.50503954593285;84.2857142857143;4.62561866271847
"30";0;0.523353640760748;14.2857142857143;4.78091443733757;85.7142857142857;4.90237672252328
"31";0;0.523353640760748;11.4285714285714;3.8360604567892;87.1428571428571;3.94034462826206
"32";0;0.439705008036495;11.4285714285714;4.20411031035238;88.5714285714286;4.31008110604765
"33";0;0.439705008036495;10;4.06446443044312;88.5714285714286;4.13520163820513
"34";0;0.439705008036495;10;4.0299629655568;90;4.11697906829325
"35";0;0.439705008036495;8.57142857142857;3.62812145691437;90;3.73317924596341
"36";0;0.439705008036495;8.57142857142857;3.29371370132474;91.4285714285714;3.38696560106745
"37";0;0.439705008036495;7.14285714285714;3.1977435653558;91.4285714285714;3.31322254142739
"38";0;0.439705008036495;7.14285714285714;3.09533448857037;92.8571428571429;3.10572735884805
"39";0;0.439705008036495;5.71428571428571;3.16057888074943;92.8571428571429;3.1571785797319
"40";0;0.439705008036495;5.71428571428571;2.91667306019452;92.8571428571429;2.89820122739219
"41";0;0.439705008036495;5.71428571428571;2.85338098209844;92.8571428571429;2.8420654808848
"42";0;0.439705008036495;5.71428571428571;2.89820122739219;94.2857142857143;2.91667306019452
"43";0;0.439705008036495;4.28571428571429;2.8796109058084;94.2857142857143;2.93502864137155
"44";0;0.439705008036495;4.28571428571429;2.53863804753897;94.2857142857143;2.61779418627947
"45";0;0.439705008036495;4.28571428571429;2.53440345235148;95.7142857142857;2.62189410137785
"46";0;0.439705008036495;4.28571428571429;2.42059725787976;95.7142857142857;2.51632692262457
"47";0;0.439705008036495;2.85714285714286;1.93336913679701;95.7142857142857;2.09853920856434
"48";0;0.439705008036495;2.85714285714286;1.83063793004911;95.7142857142857;2.02561470427685
"49";0;0.439705008036495;2.85714285714286;1.91101729731411;95.7142857142857;2.06760081910256
"50";0;0.450431096631865;2.85714285714286;1.74792940091857;95.7142857142857;1.9327517428369
"51";0;0.461972619116825;2.85714285714286;1.46088569304261;97.1428571428571;1.54950327013326
"52";0;0.461972619116825;2.85714285714286;1.43323235915586;97.1428571428571;1.54087087277032
"53";0;0.461972619116825;2.85714285714286;1.30920546168648;97.1428571428571;1.368971499528
"54";0;0.474436545825051;2.85714285714286;1.21267812518166;97.1428571428571;1.26120428737846
"55";0;0.474436545825051;2.85714285714286;1.34190919518246;97.1428571428571;1.40740623734825
"56";0;0.487950036474267;2.85714285714286;1.47542222712663;97.1428571428571;1.4638501094228
"57";0;0.381801774160606;2.85714285714286;1.32683247380581;97.1428571428571;1.42070045171099
"58";0;0.381801774160606;1.42857142857143;1.06420906238356;97.1428571428571;1.07989849431208
"59";0;0.381801774160606;1.42857142857143;1.17917186550794;97.1428571428571;1.20271055163014
"60";0;0.396214425875164;1.42857142857143;1.22121487752159;97.1428571428571;1.09706806826901
"61";0;0;1.42857142857143;1.26803623514085;97.1428571428571;1.26803623514085
"62";0;0;1.42857142857143;0.923813986689805;97.1428571428571;0.923813986689805
"63";0;0;1.42857142857143;1.07251027647078;97.1428571428571;1.07251027647078
"64";0;0;1.42857142857143;1.12687233963802;97.1428571428571;1.12687233963802
"65";0;0;1.42857142857143;1.01015254455221;97.1428571428571;1.01015254455221
"66";0;0;1.42857142857143;0.629940788348712;97.1428571428571;0.629940788348712
"67";0;0;1.42857142857143;0.629940788348712;97.1428571428571;0.629940788348712
"68";0;0;1.42857142857143;0.629940788348712;97.1428571428571;0.629940788348712
"69";0;0;1.42857142857143;0.629940788348712;97.1428571428571;0.629940788348712
"70";0;0;1.42857142857143;0.858464589396188;97.1428571428571;0.858464589396188
"71";0;0;1.42857142857143;0.91552849208808;97.1428571428571;0.91552849208808
"72";0;0;1.42857142857143;0.539949247156039;97.1428571428571;0.539949247156039
"73";0;0;1.42857142857143;0.824786098842322;98.5714285714286;0.824786098842322
"74";0;0;1.42857142857143;0.903507902905251;98.5714285714286;0.903507902905251
"75";0;0;1.42857142857143;0.63887656499994;97.1428571428571;0.63887656499994
"76";0;0;1.42857142857143;1.01015254455221;98.5714285714286;1.01015254455221
"77";0;0;1.42857142857143;0.714285714285714;97.1428571428571;0.714285714285714
"78";0;0;1.42857142857143;1.16642368703961;98.5714285714286;1.16642368703961
"79";0;0;1.42857142857143;0.824786098842322;97.1428571428571;0.824786098842322
"80";0;0;1.42857142857143;0.824786098842322;97.1428571428571;0.824786098842322
"81";0;0;1.42857142857143;0.824786098842322;97.1428571428571;0.824786098842322
"82";0;0;1.42857142857143;0;98.5714285714286;0
"83";0;0;1.42857142857143;0;98.5714285714286;0
"84";0;0;1.42857142857143;0;98.5714285714286;0
"85";0;0;1.42857142857143;0.824786098842322;98.5714285714286;0.824786098842322
"86";0;0;1.42857142857143;0;98.5714285714286;0
"87";0;0;1.42857142857143;0;98.5714285714286;0
"88";0;0;0;1.01015254455221;98.5714285714286;1.01015254455221
"89";0;NA;1.42857142857143;NA;98.5714285714286;NA
"90";0;NA;1.42857142857143;NA;98.5714285714286;NA
"91";0;NA;1.42857142857143;NA;98.5714285714286;NA
"92";0;NA;1.42857142857143;NA;98.5714285714286;NA
"93";0;NA;1.42857142857143;NA;98.5714285714286;NA
