"allS";"sdAllS";"allI";"sdAllI";"allR";"sdAllR"
"1";100;0;0;0;0;0
"2";100;0;0;0;0;0
"3";99.0697674418605;0;0.930232558139535;0;0;0
"4";98.1395348837209;0.821004604798221;1.86046511627907;0.899112248333266;0;0.218680160921687
"5";97.2093023255814;1.39023952368697;2.7906976744186;1.40165852061354;0;0.316538161571498
"6";95.3488372093023;2.52273260260301;4.18604651162791;2.6921608282451;0.465116279069767;0.479579294345041
"7";93.0232558139535;4.20097975562558;6.04651162790698;3.9995872378193;0.930232558139535;0.553941782750121
"8";89.7674418604651;6.02080024424584;8.37209302325581;5.34692105532277;1.3953488372093;0.912935888787196
"9";86.5116279069767;7.3965496357744;10.6976744186047;6.32261972570219;2.7906976744186;1.56095946799803
"10";82.7906976744186;8.66875457019622;13.4883720930233;7.18355254540416;3.72093023255814;2.18732221429727
"11";79.5348837209302;9.94637066913941;15.3488372093023;8.06876032078928;5.11627906976744;2.87272353199955
"12";75.8139534883721;11.62937567224;17.2093023255814;8.86692164134193;6.51162790697674;3.5473592903155
"13";72.5581395348837;12.6122186608284;18.6046511627907;9.29363118782222;8.37209302325581;4.17071857106091
"14";70.2325581395349;13.8086938624802;19.0697674418605;9.50630101050845;10.6976744186047;5.12050565377596
"15";67.906976744186;15.0867992364495;20;10.3503567709765;12.093023255814;5.74703223358755
"16";66.046511627907;16.0004838957882;20;10.4816678576032;13.953488372093;6.68998606729478
"17";64.6511627906977;16.6024704656105;19.0697674418605;10.2003498888742;16.2790697674419;7.87201573250504
"18";63.2558139534884;17.009927161608;18.6046511627907;9.95446637229571;17.6744186046512;8.64807594209333
"19";62.3255813953488;17.3765402738475;17.6744186046512;9.36685087455436;20;9.32970267614552
"20";61.3953488372093;17.6915461687495;16.7441860465116;9.20091602876636;21.8604651162791;9.97449139028034
"21";60.4651162790698;17.805015798146;15.8139534883721;8.40368715594739;23.2558139534884;10.6901149385518
"22";60;17.9062773075502;14.8837209302326;7.74956716091793;25.1162790697674;11.6176209094596
"23";59.5348837209302;18.0268129312469;13.953488372093;7.24981706170558;26.046511627907;12.1885643077146
"24";59.0697674418605;18.2068236939561;13.0232558139535;7.31299067594478;27.4418604651163;12.4432845591379
"25";58.6046511627907;18.3295915437873;12.093023255814;6.79920996972898;28.8372093023256;13.0017964482654
"26";58.6046511627907;18.4159803033747;11.1627906976744;6.2099647119178;29.7674418604651;13.4719859949971
"27";58.1395348837209;18.5196343928707;10.2325581395349;6.01588136625931;31.1627906976744;13.6861164463188
"28";58.1395348837209;18.5355356339867;9.30232558139535;5.45010830260196;32.093023255814;14.020950747423
"29";58.1395348837209;18.5823611883491;8.37209302325581;4.94195046357678;33.0232558139535;14.5894252075622
"30";58.1395348837209;18.622940826397;7.44186046511628;4.38731431994757;33.953488372093;14.9911020832276
"31";58.1395348837209;18.6410140359051;6.97674418604651;4.09947194231173;34.4186046511628;15.2565565392307
"32";58.1395348837209;18.6410140359051;6.04651162790698;3.62129454195239;35.3488372093023;15.6257065537213
"33";58.1395348837209;18.6486627528674;5.58139534883721;3.44642259427085;36.2790697674419;15.8754653632888
"34";58.1395348837209;18.6486627528674;5.11627906976744;3.21322025053826;36.7441860465116;16.0748866607589
"35";58.1395348837209;18.6486627528674;4.65116279069767;3.06477469433171;37.2093023255814;16.1456148887044
"36";58.1395348837209;18.6486627528674;4.18604651162791;2.890898006019;37.6744186046512;16.3415482287981
"37";58.1395348837209;18.6721389171155;3.72093023255814;2.67093061888502;37.6744186046512;16.576681544005
"38";58.1395348837209;18.690682361209;3.72093023255814;2.58921813558496;38.1395348837209;16.7411257913373
"39";58.1395348837209;18.690682361209;3.25581395348837;2.5719002320393;38.6046511627907;16.856332587718
"40";58.1395348837209;18.690682361209;2.7906976744186;2.15057552604472;38.6046511627907;17.1351075196327
"41";58.1395348837209;18.729446811068;2.7906976744186;2.18471794832521;39.0697674418605;17.2237856286251
"42";56.7441860465116;18.1390118034405;2.7906976744186;2.22976841887371;40.4651162790698;16.7486431954014
"43";56.7441860465116;18.1390118034405;2.32558139534884;2.22437186297624;40.9302325581395;16.9190515489017
"44";56.7441860465116;18.1390118034405;2.32558139534884;2.11922789281445;40.9302325581395;17.083984339544
"45";56.7441860465116;18.1390118034405;1.86046511627907;1.90082697473435;40.9302325581395;17.1662802445463
"46";56.7441860465116;18.1390118034405;1.86046511627907;1.767713837363;41.3953488372093;17.2506037854117
"47";54.8837209302326;17.3503298302024;1.86046511627907;1.53226987982992;43.2558139534884;16.7185165755747
"48";55.3488372093023;17.8779055865114;1.3953488372093;1.53486299368337;42.7906976744186;17.1766892515484
"49";53.4883720930233;16.6643228927103;1.3953488372093;1.2920413426357;44.6511627906977;16.1236210442814
"50";53.4883720930233;16.6861342946669;1.3953488372093;1.19150590301856;45.1162790697674;16.1798749706313
"51";53.4883720930233;16.6861342946669;1.3953488372093;1.17666145494637;45.1162790697674;16.1850830596267
"52";53.4883720930233;16.6861342946669;0.930232558139535;1.04651162790698;45.1162790697674;16.3827264623005
"53";53.4883720930233;16.6861342946669;0.930232558139535;0.968216743937736;45.5813953488372;16.3806080305939
"54";51.1627906976744;15.0998291957888;0.930232558139535;0.887153095003389;47.4418604651163;14.8762439691192
"55";51.1627906976744;15.0998291957888;0.930232558139535;0.913470238197178;47.4418604651163;14.8771441726368
"56";51.1627906976744;15.6695804484622;0.930232558139535;0.7922145369792;47.4418604651163;15.4152162991965
"57";49.3023255813954;14.0274327734613;0.930232558139535;0.542209560962161;49.7674418604651;13.8960255871208
"58";49.3023255813954;14.0274327734613;0.465116279069767;0.488386290505504;49.7674418604651;13.9907076656608
"59";49.7674418604651;14.3948860359983;0.465116279069767;0.418761226687684;49.3023255813954;14.3390471477088
"60";49.7674418604651;14.3948860359983;0.465116279069767;0.239501697927645;49.3023255813954;14.2799489207884
"61";46.9767441860465;10.3169687715657;0.465116279069767;0.140237834687332;52.5581395348837;10.2933042171391
"62";46.9767441860465;10.3169687715657;0.465116279069767;0.250865065102602;52.5581395348837;10.3152530101284
"63";47.4418604651163;10.767662305689;0.465116279069767;0.155038759689922;52.093023255814;10.7366439964932
"64";47.4418604651163;10.8008172276587;0.465116279069767;0.155038759689922;52.093023255814;10.767662305689
"65";47.4418604651163;10.8008172276587;0.465116279069767;0.155038759689922;52.093023255814;10.767662305689
"66";47.4418604651163;10.8008172276587;0.465116279069767;0.155038759689922;52.093023255814;10.7760303060497
"67";46.5116279069767;11.3846651388831;0.465116279069767;0.164443437485244;52.5581395348837;11.359697434251
"68";46.046511627907;12.1406337677221;0.465116279069767;0.175797429306617;53.4883720930233;12.1300226221566
"69";45.5813953488372;13.268999290336;0.465116279069767;0.189882925797146;53.4883720930233;13.1008210631737
"70";40.9302325581395;6.8436925439824;0.465116279069767;0.208006323488353;58.6046511627907;6.65457710380629
"71";38.1395348837209;3.24472085836533;0.465116279069767;0.232558139534884;61.3953488372093;3.1172045368811
"72";37.2093023255814;3.25581395348837;0.465116279069767;0;62.3255813953488;3.25581395348837
"73";37.2093023255814;3.25581395348837;0.465116279069767;0;62.3255813953488;3.25581395348837
"74";37.2093023255814;3.25581395348837;0.465116279069767;0.268535008925407;62.3255813953488;3.52180362530249
"75";39.0697674418605;0.657773749940974;0.465116279069767;0;60.4651162790698;0.657773749940974
"76";39.0697674418605;0.657773749940974;0.465116279069767;0;60.4651162790698;0.657773749940974
"77";39.0697674418605;0.657773749940974;0.465116279069767;0;60.4651162790698;0.657773749940974
