"allS";"sdAllS";"allI";"sdAllI";"allR";"sdAllR"
"1";100;0;0;0;0;0
"2";100;0;0;0;0;0
"3";99.0697674418605;0;0.930232558139535;0;0;0
"4";97.6744186046512;0.767979486029671;2.32558139534884;0.767979486029671;0;0
"5";94.8837209302326;1.66746823494093;4.65116279069767;1.63836473082289;0;0.281304799455488
"6";90.2325581395349;3.78246246352925;9.30232558139535;3.54671729242945;0.465116279069767;0.488401234777796
"7";84.6511627906977;5.72494908149502;13.953488372093;5.0411757067507;0.930232558139535;1.13202883486661
"8";77.2093023255814;8.29681922801296;20;7.14505266826569;2.32558139534884;1.72898311054999
"9";68.8372093023256;10.5039128542413;26.5116279069767;9.22847058728148;4.18604651162791;2.67231570775668
"10";62.3255813953488;12.0585848017889;29.7674418604651;9.94293587203361;7.44186046511628;3.5017288150084
"11";57.6744186046512;13.5055603143067;32.093023255814;10.737619001173;9.76744186046512;3.95665507849844
"12";53.953488372093;14.3013354086994;32.5581395348837;10.8904717056566;13.4883720930233;4.64693810582386
"13";51.6279069767442;14.3698785791077;31.6279069767442;10.241900708857;16.7441860465116;5.6412538863303
"14";49.7674418604651;14.5559651279119;30.2325581395349;10.2308611032952;19.5348837209302;6.35248795462738
"15";48.8372093023256;14.9737941551294;28.8372093023256;10.2679647806778;22.3255813953488;6.39068484656076
"16";47.906976744186;15.2930814771352;26.9767441860465;9.96909630889481;25.1162790697674;7.2061824496545
"17";47.4418604651163;15.5168835682639;24.6511627906977;9.36754979463026;27.906976744186;8.16708051048758
"18";46.9767441860465;15.7678787358735;22.7906976744186;8.85252811304209;30.2325581395349;8.61856693395081
"19";46.9767441860465;15.9224981000446;20.9302325581395;8.11557936612104;32.093023255814;9.10125407344984
"20";46.9767441860465;16.0053754028594;19.0697674418605;7.67723697367921;33.953488372093;9.5643631814866
"21";46.5116279069767;16.0600053246702;17.2093023255814;7.18798918494991;35.8139534883721;10.3635764827807
"22";46.5116279069767;16.1224146319721;15.8139534883721;6.60274594548855;37.2093023255814;10.9717174142359
"23";46.5116279069767;16.1384202028484;14.4186046511628;6.4413058897245;38.6046511627907;11.3029501517343
"24";46.5116279069767;16.1688698798753;13.4883720930233;5.8880951901495;40;11.765066208836
"25";46.5116279069767;16.1688698798753;12.093023255814;5.64523869592433;41.3953488372093;12.0619127176279
"26";46.5116279069767;16.1688698798753;11.1627906976744;5.1645106136453;42.3255813953488;12.2964714792265
"27";46.5116279069767;16.1889444359191;9.76744186046512;4.6932611333133;43.7209302325581;12.8057327901104
"28";46.5116279069767;16.1889444359191;8.37209302325581;4.06432579022853;44.6511627906977;13.2076472492182
"29";46.5116279069767;16.1889444359191;7.90697674418605;3.67164421233835;45.5813953488372;13.5199899547539
"30";46.5116279069767;16.1889444359191;7.44186046511628;3.33186232284362;46.046511627907;13.7260119627178
"31";46.5116279069767;16.1889444359191;6.51162790697674;3.00711253492923;46.9767441860465;14.1544886460626
"32";46.5116279069767;16.1889444359191;5.58139534883721;2.70997070989153;47.4418604651163;14.4051739872213
"33";46.5116279069767;16.1889444359191;5.11627906976744;2.60007904360441;47.906976744186;14.4693504293514
"34";46.5116279069767;16.1889444359191;4.65116279069767;2.30084766431452;48.3720930232558;14.6737600404668
"35";46.5116279069767;16.1889444359191;4.18604651162791;2.09587728709799;49.3023255813954;14.7869405480347
"36";46.5116279069767;16.1889444359191;3.72093023255814;1.93250960646174;49.7674418604651;14.9165793966145
"37";46.5116279069767;16.1889444359191;3.25581395348837;1.64806543146548;49.7674418604651;15.0679200100656
"38";46.5116279069767;16.1889444359191;3.25581395348837;1.55657679355177;50.2325581395349;15.1494034961833
"39";46.5116279069767;16.1889444359191;2.7906976744186;1.31208096553012;50.6976744186047;15.3050821013387
"40";46.5116279069767;16.1889444359191;2.32558139534884;1.20345067615205;50.6976744186047;15.4730333771761
"41";46.5116279069767;16.1889444359191;1.86046511627907;1.07237190275689;51.1627906976744;15.5982845677057
"42";44.6511627906977;13.9154020309651;1.86046511627907;0.928871573419266;53.4883720930233;13.5534943646313
"43";44.6511627906977;13.9154020309651;1.86046511627907;0.930912304345067;53.4883720930233;13.6348773431527
"44";44.6511627906977;13.9154020309651;1.86046511627907;0.88206592004544;53.4883720930233;13.624760072028
"45";44.6511627906977;13.9154020309651;1.3953488372093;0.835666559901566;53.4883720930233;13.6394230290847
"46";44.6511627906977;13.9154020309651;1.3953488372093;0.684170503998518;53.953488372093;13.7005960055573
"47";44.6511627906977;13.9154020309651;1.3953488372093;0.686017121402977;53.953488372093;13.6710154328869
"48";44.6511627906977;13.9154020309651;0.930232558139535;0.720203807869971;54.4186046511628;13.7753257022215
"49";45.5813953488372;14.647347848346;0.930232558139535;0.697674418604651;53.4883720930233;14.3939524187764
"50";44.6511627906977;15.4926315813456;0.930232558139535;0.676481946375279;54.4186046511628;15.2449457338792
"51";41.3953488372093;10.8673127798311;0.930232558139535;0.614163062114907;57.6744186046512;10.8233267704373
"52";40.4651162790698;10.883501078955;0.930232558139535;0.565316784656276;58.1395348837209;10.9211573738644
"53";40.4651162790698;10.883501078955;0.930232558139535;0.641374125070907;58.6046511627907;11.0030858903348
"54";41.3953488372093;11.7559871120543;0.930232558139535;0.343192924359359;57.2093023255814;11.7348057813821
"55";41.3953488372093;11.7559871120543;0.930232558139535;0.382917489464449;57.6744186046512;11.7797833373552
"56";41.3953488372093;11.7559871120543;0.930232558139535;0.325212045944233;57.6744186046512;11.8029206453772
"57";41.3953488372093;11.7559871120543;0.465116279069767;0.382917489464449;57.6744186046512;11.9193451588199
"58";43.7209302325581;12.2049509727376;0.465116279069767;0.240720543956635;55.3488372093023;12.2628945611486
"59";43.7209302325581;12.2049509727376;0.465116279069767;0.240720543956635;55.3488372093023;12.2628945611486
"60";43.7209302325581;12.2049509727376;0.465116279069767;0.215306999947105;55.3488372093023;12.1281116300026
"61";43.7209302325581;12.2049509727376;0.465116279069767;0.215306999947105;55.3488372093023;12.1281116300026
"62";43.7209302325581;12.2049509727376;0.465116279069767;0.164443437485244;55.3488372093023;12.1629399760886
"63";43.7209302325581;12.2049509727376;0.465116279069767;0;55.8139534883721;12.2049509727376
"64";43.7209302325581;12.2049509727376;0.465116279069767;0;55.8139534883721;12.2049509727376
"65";43.7209302325581;12.2049509727376;0.465116279069767;0.215306999947105;55.8139534883721;12.2850835972941
"66";46.046511627907;13.439902220493;0.465116279069767;0.240185013718289;53.4883720930233;13.2518693981461
"67";39.0697674418605;8.0962303188508;0.465116279069767;0.232558139534884;60;8.16606970515323
"68";40.4651162790698;9.49794318914518;0.465116279069767;0;59.0697674418605;9.49794318914518
"69";40.4651162790698;9.49794318914518;0.465116279069767;0;59.0697674418605;9.49794318914518
"70";40.4651162790698;9.49794318914518;0.465116279069767;0.268535008925407;59.0697674418605;9.68216743937736
"71";44.1860465116279;9.86660624911462;0;0.328886874970487;55.3488372093023;9.53771937414413
"72";37.2093023255814;NA;0.465116279069767;NA;62.3255813953488;NA
"73";37.2093023255814;NA;0.465116279069767;NA;62.3255813953488;NA
