"allS";"sdAllS";"allI";"sdAllI";"allR";"sdAllR"
"1";100;0;0;0;0;0
"2";100;0;0;0;0;0
"3";99.21875;0;0.78125;0;0;0
"4";97.65625;2.20970869120796;2.34375;2.11462249337173;0;0.320618235026611
"5";89.0625;11.0403262053985;10.9375;10.8610959132721;0;0.334212993708202
"6";72.65625;22.8884926662479;26.5625;21.8544287173068;0.78125;1.19838279507402
"7";57.03125;31.47808537198;39.0625;28.2777713573962;3.90625;3.76347532917499
"8";46.875;35.8324471575899;45.3125;30.2998423811934;7.03125;6.0389985234184
"9";39.84375;35.0338851785327;49.21875;27.3105394724929;10.9375;8.72115708977181
"10";31.25;31.9613993583356;53.125;23.1784172203735;15.625;11.5003824043056
"11";26.5625;28.8698971530353;52.34375;19.3726197014555;21.09375;13.7025143955708
"12";20.3125;22.1494242731993;53.90625;13.7323955187362;25.78125;15.137474367736
"13";15.625;15.5703317539579;52.34375;9.73990690324422;32.03125;15.3449681621124
"14";12.5;9.6265111866467;50.78125;8.25445203206568;36.71875;14.7037439723887
"15";10.15625;6.29135115589887;47.65625;9.25163936188354;41.40625;13.9442765590075
"16";9.375;5.51776875728075;43.75;9.38361277168325;46.09375;13.0542616242095
"17";8.59375;4.39679300229899;40.625;9.50735899319738;50;12.4200395194058
"18";7.8125;3.60318410399687;37.5;10.368781634441;54.6875;11.9494916970476
"19";7.8125;3.4200015109598;34.375;9.55799496196847;57.8125;10.8191432624027
"20";7.03125;3.23939172168348;31.25;9.8238155999172;60.9375;10.6900589197115
"21";7.03125;3.06571626497304;28.125;8.83172346624322;64.84375;9.5813392066907
"22";7.03125;2.98261190135173;25;7.67131412846041;67.1875;8.33237586411281
"23";7.03125;2.84607153587111;22.65625;6.96197491155474;70.3125;7.55142301880012
"24";6.25;2.77510370931006;20.3125;6.86459983744929;72.65625;7.11500362996476
"25";6.25;2.76069123218309;17.96875;6.16646586517268;75;6.48201525592019
"26";6.25;2.76069123218309;15.625;5.33414976565399;77.34375;5.65840322554946
"27";6.25;2.76069123218309;14.84375;4.6526910857327;78.125;5.06307867063114
"28";6.25;2.76069123218309;13.28125;4.29768727468015;80.46875;4.92265707942463
"29";6.25;2.76069123218309;11.71875;3.95471366040895;81.25;4.85225836637797
"30";6.25;2.76069123218309;10.15625;3.80747251018962;82.8125;4.79540328783875
"31";6.25;2.76069123218309;9.375;3.83487695702627;83.59375;4.96200586927626
"32";6.25;2.76069123218309;7.8125;3.56310418351609;85.15625;4.93378723029515
"33";6.25;2.76069123218309;7.03125;3.2651502590626;85.9375;4.62754412449876
"34";6.25;2.76069123218309;6.25;2.83589129054072;86.71875;4.2830427613017
"35";6.25;2.76069123218309;5.46875;2.59803198990856;87.5;4.22112277439444
"36";6.25;2.76069123218309;4.6875;2.55974677235912;88.28125;4.17909451729404
"37";6.25;2.76069123218309;4.6875;2.52167128756235;88.28125;4.06612183008974
"38";6.25;2.76069123218309;3.90625;2.50141976127552;89.0625;4.13012468853066
"39";7.03125;2.76294813747671;3.90625;2.29538016583278;89.0625;3.86699020961393
"40";7.03125;2.76294813747671;3.90625;2.06807853251177;89.0625;3.75929932292663
"41";7.03125;2.76294813747671;3.125;1.78755977378463;89.84375;3.53472141967452
"42";7.03125;2.76294813747671;3.125;1.84804654230308;89.84375;3.57762928431047
"43";7.03125;2.76294813747671;2.34375;1.81372969505094;89.84375;3.50987581381461
"44";7.03125;2.76294813747671;2.34375;1.68547545016432;90.625;3.57511954756925
"45";7.03125;2.76294813747671;2.34375;1.51288411961227;90.625;3.40604867355651
"46";7.03125;2.76294813747671;2.34375;1.38755185465503;90.625;3.38357498454091
"47";7.03125;2.76294813747671;1.5625;1.32805741610051;90.625;3.28532332079367
"48";7.03125;2.76294813747671;1.5625;1.43211758077521;91.40625;3.25375273828442
"49";6.25;2.76397667452019;1.5625;1.25871797118718;91.40625;3.338644247319
"50";6.25;2.76397667452019;1.5625;1.10485434560398;91.40625;3.2510389965812
"51";6.25;2.76397667452019;1.5625;1.12198489190196;91.40625;3.31110856684076
"52";6.25;2.76397667452019;1.5625;0.800543028590594;92.1875;3.11195192631035
"53";7.03125;2.70095434798164;1.5625;0.875956110283419;91.40625;2.91520477819475
"54";6.25;2.78751589983392;0.78125;0.685201577583617;92.1875;3.0948060551884
"55";7.03125;2.57823260794712;1.5625;0.537149727306507;91.40625;2.75912097950515
"56";7.03125;2.57823260794712;0.78125;0.537149727306507;91.40625;2.75710922496899
"57";7.03125;2.57823260794712;0.78125;0.614254213364763;91.40625;2.79111185689991
"58";7.03125;2.65701582097598;0.78125;0.546254608421954;91.40625;2.93359114929978
"59";7.03125;2.65701582097598;0.78125;0.37737960276535;92.1875;2.85272165367274
"60";7.03125;2.65701582097598;0.78125;0.443473603279333;92.1875;2.65062721874989
"61";6.25;2.7374734429204;0.78125;0.260416666666667;92.1875;2.70945990191208
"62";6.25;2.7374734429204;0.78125;0;92.1875;2.7374734429204
"63";6.25;2.7374734429204;0.78125;0.260416666666667;92.1875;2.67799007828166
"64";6.25;2.81490162837982;0.78125;0.276213586400995;92.96875;2.86289181660283
"65";6.25;3.01614733016507;0.78125;0.295284744538459;92.1875;3.20307963092144
"66";7.03125;2.63394433510214;0.78125;0.403435765229939;92.1875;2.76949176482196
"67";7.8125;3.21327153105549;0.78125;0;91.40625;3.21327153105549
"68";7.8125;3.21327153105549;0.78125;0;91.40625;3.21327153105549
"69";7.8125;3.21327153105549;0.78125;0.390625;91.40625;3.46461841032554
"70";8.59375;3.125;0.78125;0;90.625;3.125
"71";8.59375;3.125;0.78125;0;90.625;3.125
"72";8.59375;3.125;0.78125;0;90.625;3.125
"73";8.59375;3.125;0.78125;0.451054897804395;90.625;3.15738428463077
"74";8.59375;4.41941738241592;0.78125;0;90.625;4.41941738241592
"75";8.59375;4.41941738241592;0.78125;0;90.625;4.41941738241592
"76";8.59375;4.41941738241592;0.78125;0;90.625;4.41941738241592
"77";8.59375;4.41941738241592;0.78125;0;90.625;4.41941738241592
"78";8.59375;4.41941738241592;0;0.55242717280199;90.625;4.97184455521791
"79";11.71875;NA;0.78125;NA;87.5;NA
"80";11.71875;NA;0.78125;NA;87.5;NA
"81";11.71875;NA;0.78125;NA;87.5;NA
"82";11.71875;NA;0.78125;NA;87.5;NA
"83";11.71875;NA;0.78125;NA;87.5;NA
"84";11.71875;NA;0.78125;NA;87.5;NA
"85";11.71875;NA;0.78125;NA;87.5;NA
"86";11.71875;NA;0.78125;NA;87.5;NA
"87";11.71875;NA;0.78125;NA;87.5;NA
"88";11.71875;NA;0.78125;NA;87.5;NA
"89";11.71875;NA;0.78125;NA;87.5;NA
