"allS";"sdAllS";"allI";"sdAllI";"allR";"sdAllR"
"1";100;0;0;0;0;0
"2";100;0;0;0;0;0
"3";99.21875;0;0.78125;0;0;0
"4";98.4375;1.44500685779651;1.5625;1.44500685779651;0;0
"5";90.625;8.28456596347238;8.59375;8.1521560354495;0;0.347079420561968
"6";75;20.1706380828839;23.4375;19.0590769024126;1.5625;1.72740874497677
"7";57.8125;28.708004205043;38.28125;25.3968271496102;3.90625;3.6648743064917
"8";42.96875;28.5614786693413;49.21875;23.4338447442073;7.8125;5.95312128267294
"9";30.46875;24.2707921560527;56.25;18.1568702649936;12.5;7.81615411619606
"10";17.96875;10.0728333405926;61.71875;5.87577701587092;19.53125;9.15072927293292
"11";13.28125;6.2469674526095;60.9375;6.70883307304643;25.78125;9.27876464544652
"12";10.9375;4.20763407848148;56.25;5.84633966683428;32.03125;7.92756361109809
"13";10.15625;3.99984880548097;52.34375;6.6766462243362;37.5;7.78026437769082
"14";8.59375;3.62057955348375;49.21875;6.09963239418233;42.1875;6.86982801782441
"15";8.59375;3.32777569778542;44.53125;5.0559825512776;46.875;5.67318909879211
"16";7.8125;3.26972864447445;40.625;5.23830987477435;50.78125;5.71120876528443
"17";7.03125;2.99861887802595;36.71875;5.19068701809031;55.46875;5.56241279214887
"18";7.03125;3.04122019033796;33.59375;4.56963926001906;58.59375;4.92083338521691
"19";7.03125;3.05006144130764;30.46875;4.61977905943634;62.5;4.84979132527296
"20";7.03125;3.02543861688692;27.34375;4.6456121353303;65.625;4.76536131141268
"21";7.03125;3.11893048238694;25;4.28653408820915;67.96875;4.33948624318356
"22";7.03125;3.10065064395357;21.875;3.44469917926976;70.3125;3.40509692586726
"23";7.03125;3.10065064395357;20.3125;3.38158484125461;72.65625;3.4815604106748
"24";7.03125;3.10065064395357;17.96875;2.88885108305453;74.21875;3.32537730057455
"25";7.03125;3.10065064395357;16.40625;3.03728248451261;76.5625;3.36028330743853
"26";7.03125;3.04646254749813;14.0625;2.76213586400995;78.90625;3.35761111353085
"27";7.03125;3.07643274664809;12.5;2.91257426919388;79.6875;3.44093337153166
"28";7.03125;3.07643274664809;11.71875;2.61829805539851;81.25;3.32057530918769
"29";7.03125;3.07643274664809;10.9375;2.49663082307087;82.03125;3.35998650195215
"30";7.03125;3.07643274664809;9.375;2.16041530763661;82.8125;3.39453664118892
"31";7.03125;3.1134898319769;9.375;2.05829004380135;83.59375;3.44209252041802
"32";7.03125;3.1134898319769;7.8125;1.71872678980169;84.375;3.45741455504442
"33";7.03125;3.1134898319769;7.8125;1.5909631776759;85.15625;3.33884587453465
"34";7.03125;3.1134898319769;7.03125;1.65185668709664;85.9375;3.51434821586492
"35";7.03125;3.1134898319769;6.25;1.49197454786286;86.71875;3.52454953838493
"36";7.03125;3.1134898319769;5.46875;1.47381596606844;87.5;3.74434699526578
"37";7.03125;3.1134898319769;4.6875;1.71349650172911;88.28125;3.95244337331745
"38";7.03125;3.1134898319769;3.90625;1.42426169276762;89.0625;3.70579413300982
"39";7.03125;3.1134898319769;3.90625;1.2344570844305;89.0625;3.54035983675287
"40";7.03125;3.1134898319769;3.125;1.21491299380505;89.84375;3.60401436264394
"41";7.03125;3.1134898319769;3.125;1.15429695059954;89.84375;3.48585457060651
"42";7.03125;3.1134898319769;2.34375;1.00760011473666;89.84375;3.41562456085664
"43";7.03125;3.1134898319769;2.34375;0.966167097501316;90.625;3.46289085179862
"44";7.03125;3.1134898319769;2.34375;0.768378443871596;90.625;3.36354643920562
"45";7.03125;3.1134898319769;1.5625;0.856748250864557;90.625;3.34570887432425
"46";7.03125;3.20651385474059;1.5625;0.736907983034218;90.625;3.48549692601093
"47";7.03125;3.20651385474059;1.5625;0.784116982111744;90.625;3.54676263912465
"48";7.03125;3.20651385474059;1.5625;0.828640759202985;91.40625;3.46936476070633
"49";7.03125;3.20651385474059;1.5625;0.823206990701878;91.40625;3.40604867355651
"50";7.03125;3.2635310272196;1.5625;0.800543028590594;91.40625;3.47634304082609
"51";7.03125;3.21033052787626;1.5625;0.828202208889546;90.625;3.29433332685877
"52";7.03125;3.06704938638592;1.5625;0.89900655354143;91.40625;3.31051347752733
"53";6.25;3.05542216084225;1.5625;0.824445082829822;92.1875;3.38086086233293
"54";6.25;3.18827976202044;1.5625;0.842749828079053;91.40625;3.50812014620755
"55";6.25;3.3400404527033;1.5625;0.988211768802619;91.40625;3.40439392601271
"56";6.25;3.2881517550572;1.5625;0.835191380976326;91.40625;3.2881517550572
"57";6.25;3.2881517550572;1.5625;0.927917921222985;91.40625;3.05266448584997
"58";5.46875;2.24623527633832;1.5625;0.913316558164072;92.1875;2.5395632519031
"59";6.25;2.30435643808635;0.78125;0.427908248050911;92.1875;2.55553550528064
"60";6.25;2.30435643808635;0.78125;0.427908248050911;92.1875;2.55553550528064
"61";6.25;2.30435643808635;0.78125;0.349385621484342;92.96875;2.53153933531557
"62";6.25;2.30435643808635;0.78125;0.349385621484342;92.96875;2.53153933531557
"63";6.25;2.30435643808635;0.78125;0.349385621484342;92.96875;2.53153933531557
"64";6.25;2.30435643808635;0.78125;0.349385621484342;92.96875;2.53153933531557
"65";6.25;2.30435643808635;0.78125;0.349385621484342;92.96875;2.53153933531557
"66";6.25;2.30435643808635;0.78125;0;92.96875;2.30435643808635
"67";6.25;2.30435643808635;0.78125;0.349385621484342;92.96875;2.25075942045124
"68";6.25;2.59111311746516;0.78125;0;92.96875;2.59111311746516
"69";6.25;2.59111311746516;0.78125;0;92.96875;2.59111311746516
"70";6.25;2.59111311746516;0.78125;0;92.96875;2.59111311746516
"71";6.25;2.59111311746516;0.78125;0;92.96875;2.59111311746516
"72";6.25;2.59111311746516;0.78125;0;92.96875;2.59111311746516
"73";6.25;2.59111311746516;0.78125;0;92.96875;2.59111311746516
"74";6.25;2.59111311746516;0.78125;0;92.96875;2.59111311746516
"75";6.25;2.59111311746516;0.78125;0;92.96875;2.59111311746516
"76";6.25;2.59111311746516;0.78125;0.390625;92.96875;2.58127963562487
"77";5.46875;3.15738428463077;0.78125;0;92.96875;3.15738428463077
"78";5.46875;3.15738428463077;0.78125;0;92.96875;3.15738428463077
"79";5.46875;3.15738428463077;0.78125;0;92.96875;3.15738428463077
"80";5.46875;3.15738428463077;0.78125;0;92.96875;3.15738428463077
"81";5.46875;3.15738428463077;0;0.451054897804395;93.75;2.74365983147207
"82";2.34375;NA;0.78125;NA;96.875;NA
"83";2.34375;NA;0.78125;NA;96.875;NA
"84";2.34375;NA;0.78125;NA;96.875;NA
"85";2.34375;NA;0.78125;NA;96.875;NA
"86";2.34375;NA;0.78125;NA;96.875;NA
"87";2.34375;NA;0.78125;NA;96.875;NA
"88";2.34375;NA;0.78125;NA;96.875;NA
"89";2.34375;NA;0.78125;NA;96.875;NA
"90";2.34375;NA;0.78125;NA;96.875;NA
"91";2.34375;NA;0.78125;NA;96.875;NA
"92";2.34375;NA;0.78125;NA;96.875;NA
"93";2.34375;NA;0.78125;NA;96.875;NA
