"allS";"sdAllS";"allI";"sdAllI";"allR";"sdAllR"
"1";100;0;0;0;0;0
"2";100;0;0;0;0;0
"3";98.3333333333333;0;1.66666666666667;0;0;0
"4";96.6666666666667;2.24748072086131;3.33333333333333;2.2213082915966;0;0.512989176042577
"5";91.6666666666667;3.83409603396431;6.66666666666667;3.4792618696923;0;0.740436097198865
"6";85;6.77327047905634;13.3333333333333;6.3355259362494;0;1.31066252609508
"7";71.6666666666667;11.8404969668107;25;10.831983721601;1.66666666666667;2.42429226424046
"8";58.3333333333333;15.2953381270586;36.6666666666667;14.4880975548977;5;3.64647550735378
"9";43.3333333333333;17.3508683234859;46.6666666666667;15.5171570766906;8.33333333333333;4.90479536207777
"10";33.3333333333333;18.0771575677979;53.3333333333333;15.2165172644997;13.3333333333333;6.52200503737941
"11";23.3333333333333;16.9318810677145;55;13.4150456686661;20;8.46216208391821
"12";20;16.0251538387485;55;12.9167374078425;25;9.55860654406946
"13";16.6666666666667;13.0996517966312;53.3333333333333;10.2665498968069;30;10.1897207693207
"14";13.3333333333333;10.018623010052;50;8.22339765582621;36.6666666666667;10.8417646003371
"15";11.6666666666667;6.56946685331786;48.3333333333333;9.19890662203589;40;11.7029510948088
"16";10;6.11775290321498;43.3333333333333;9.72426879044239;45;12.0719093001914
"17";8.33333333333333;4.74110432024424;40;9.36585811581694;50;10.7043604822209
"18";8.33333333333333;4.45576044795842;36.6666666666667;10.2208793295394;55;10.5391916864392
"19";8.33333333333333;4.72643430997932;33.3333333333333;9.65183374995871;58.3333333333333;10.1364953515353
"20";6.66666666666667;4.66023993559451;30;8.98504280190399;61.6666666666667;9.8419528086513
"21";6.66666666666667;4.68604997065603;26.6666666666667;7.81922955777569;65;8.15421535588651
"22";6.66666666666667;4.67902498965342;23.3333333333333;8.48803767815218;68.3333333333333;8.45135720440754
"23";6.66666666666667;4.5755516076884;23.3333333333333;7.59491596648783;70;7.43932572559247
"24";6.66666666666667;4.5755516076884;20;6.46402550513178;71.6666666666667;6.3545351489361
"25";6.66666666666667;4.5755516076884;18.3333333333333;5.90556779608464;73.3333333333333;6.03292622451239
"26";6.66666666666667;4.5755516076884;16.6666666666667;5.76019310105169;75;5.87080695211534
"27";6.66666666666667;4.5755516076884;15;5.04366895139125;76.6666666666667;5.2870801369252
"28";6.66666666666667;4.48845171862295;13.3333333333333;4.53946309008002;78.3333333333333;5.13772311733606
"29";6.66666666666667;4.47458711218827;11.6666666666667;4.5071418310699;80;5.63250798479952
"30";6.66666666666667;4.47458711218827;11.6666666666667;4.36878213120562;81.6666666666667;5.69446227354219
"31";6.66666666666667;4.325904563487;10;4.26720802486654;83.3333333333333;5.57445615316048
"32";6.66666666666667;4.325904563487;8.33333333333333;4.01022085988157;85;5.4611868127275
"33";6.66666666666667;4.21983619870009;6.66666666666667;4.00566119853226;85;4.93451266131503
"34";6.66666666666667;4.21983619870009;6.66666666666667;3.93663257409068;86.6666666666667;4.80314224634213
"35";6.66666666666667;4.21983619870009;6.66666666666667;4.13231453205257;86.6666666666667;4.85159888035959
"36";6.66666666666667;4.21983619870009;5;3.64647550735378;88.3333333333333;4.43520604161508
"37";6.66666666666667;4.35584197649967;5;3.63855964762044;86.6666666666667;4.02437343526402
"38";6.66666666666667;4.35584197649967;5;3.50901558608192;88.3333333333333;4.12995523152793
"39";6.66666666666667;4.35584197649967;3.33333333333333;3.1581654638122;88.3333333333333;4.31085789332915
"40";6.66666666666667;4.36536052909947;3.33333333333333;2.70408792447065;88.3333333333333;4.19840850643766
"41";6.66666666666667;4.36536052909947;3.33333333333333;2.51628681719816;88.3333333333333;4.22749713496577
"42";6.66666666666667;4.29119468817855;3.33333333333333;2.01843356939833;90;4.54274961604468
"43";6.66666666666667;4.29119468817855;3.33333333333333;2.1489661597046;90;4.29793231940921
"44";5;2.90046520625544;3.33333333333333;2.22420546422536;90;3.97744966279975
"45";5;2.93654918625946;3.33333333333333;1.90189803018356;90;3.72268234722812
"46";5;2.93654918625946;3.33333333333333;1.66208160525146;90;3.63136519601281
"47";5;2.93654918625946;3.33333333333333;1.4193843787544;91.6666666666667;3.47017644250614
"48";5;2.92352673102343;1.66666666666667;1.27991274631384;91.6666666666667;3.57559789194762
"49";5;2.85375881846021;1.66666666666667;1.29749824026921;91.6666666666667;3.21441932275358
"50";5;2.83377893109237;1.66666666666667;1.34839972492648;91.6666666666667;3.44509606087942
"51";5;2.9865955679368;1.66666666666667;1.45932505961819;91.6666666666667;3.66834978204871
"52";6.66666666666667;2.66331634776156;1.66666666666667;0.771516749810459;91.6666666666667;2.58774584753383
"53";6.66666666666667;2.66331634776156;1.66666666666667;1.06811657410276;91.6666666666667;2.78174320132093
"54";6.66666666666667;2.84056034415449;1.66666666666667;1.15010926557059;91.6666666666667;2.95468420142639
"55";6.66666666666667;3.05807976544953;1.66666666666667;0.86066296582387;90;2.87066904061418
"56";6.66666666666667;3.05807976544953;1.66666666666667;1.25462108784847;91.6666666666667;3.33333333333333
"57";6.66666666666667;2.98142396999972;1.66666666666667;0.74535599249993;90;2.78886675511359
"58";6.66666666666667;2.98142396999972;1.66666666666667;0.74535599249993;90;2.78886675511359
"59";6.66666666666667;2.98142396999972;1.66666666666667;1.17851130197758;90;2.73861278752583
"60";6.66666666666667;3.33333333333333;1.66666666666667;1.36082763487954;91.6666666666667;3.60041149911548
"61";6.66666666666667;3.84900179459751;1.66666666666667;0.962250448649376;90;3.46944333244355
"62";6.66666666666667;3.84900179459751;1.66666666666667;0.962250448649376;90;3.46944333244355
"63";6.66666666666667;3.84900179459751;1.66666666666667;0.962250448649376;91.6666666666667;4.40958551844098
"64";8.33333333333333;4.71404520791032;1.66666666666667;0;90;4.71404520791032
"65";8.33333333333333;4.71404520791032;1.66666666666667;0;90;4.71404520791032
"66";8.33333333333333;4.71404520791032;0;1.17851130197758;90;5.8925565098879
"67";11.6666666666667;NA;1.66666666666667;NA;86.6666666666667;NA
"68";11.6666666666667;NA;1.66666666666667;NA;86.6666666666667;NA
"69";11.6666666666667;NA;1.66666666666667;NA;86.6666666666667;NA
"70";11.6666666666667;NA;1.66666666666667;NA;86.6666666666667;NA
"71";11.6666666666667;NA;1.66666666666667;NA;86.6666666666667;NA
"72";11.6666666666667;NA;1.66666666666667;NA;86.6666666666667;NA
"73";11.6666666666667;NA;1.66666666666667;NA;86.6666666666667;NA
"74";11.6666666666667;NA;1.66666666666667;NA;86.6666666666667;NA
"75";11.6666666666667;NA;1.66666666666667;NA;86.6666666666667;NA
"76";11.6666666666667;NA;1.66666666666667;NA;86.6666666666667;NA
"77";11.6666666666667;NA;1.66666666666667;NA;86.6666666666667;NA
"78";11.6666666666667;NA;1.66666666666667;NA;86.6666666666667;NA
"79";11.6666666666667;NA;1.66666666666667;NA;86.6666666666667;NA
"80";11.6666666666667;NA;1.66666666666667;NA;86.6666666666667;NA
"81";11.6666666666667;NA;1.66666666666667;NA;86.6666666666667;NA
"82";11.6666666666667;NA;1.66666666666667;NA;86.6666666666667;NA
"83";11.6666666666667;NA;1.66666666666667;NA;86.6666666666667;NA
"84";11.6666666666667;NA;1.66666666666667;NA;86.6666666666667;NA
"85";11.6666666666667;NA;1.66666666666667;NA;86.6666666666667;NA
"86";11.6666666666667;NA;1.66666666666667;NA;86.6666666666667;NA
"87";11.6666666666667;NA;1.66666666666667;NA;86.6666666666667;NA
"88";11.6666666666667;NA;1.66666666666667;NA;86.6666666666667;NA
"89";11.6666666666667;NA;1.66666666666667;NA;86.6666666666667;NA
"90";11.6666666666667;NA;1.66666666666667;NA;86.6666666666667;NA
"91";11.6666666666667;NA;1.66666666666667;NA;86.6666666666667;NA
"92";11.6666666666667;NA;1.66666666666667;NA;86.6666666666667;NA
"93";11.6666666666667;NA;1.66666666666667;NA;86.6666666666667;NA
"94";11.6666666666667;NA;1.66666666666667;NA;86.6666666666667;NA
