"allS";"sdAllS";"allI";"sdAllI";"allR";"sdAllR"
"1";100;0;0;0;0;0
"2";100;0;0;0;0;0
"3";98.3333333333333;0;1.66666666666667;0;0;0
"4";95;2.31161572313869;5;2.38630351054606;0;0.512989176042577
"5";90;8.10160261382158;10;7.85467417737671;0;1.0080088647155
"6";80;15.4226517543029;18.3333333333333;14.2953392805557;1.66666666666667;2.31161572313869
"7";65;20.967889060893;31.6666666666667;18.8320438068766;3.33333333333333;4.07650999302061
"8";50;25.5816038109666;45;22.2627554314871;5;5.50119604220181
"9";36.6666666666667;25.0321430791393;51.6666666666667;19.1179778225468;10;7.11115679809885
"10";28.3333333333333;23.022152227309;56.6666666666667;16.9646844891988;13.3333333333333;8.88706121561186
"11";20;18.472359626627;60;12.5008121893384;20;10.1162829777814
"12";16.6666666666667;16.530142589678;56.6666666666667;10.5054211074366;26.6666666666667;10.2526561955587
"13";13.3333333333333;13.0177067396272;55;8.52508434139746;31.6666666666667;10.4558230913314
"14";11.6666666666667;11.6541286010706;51.6666666666667;7.8969565863588;36.6666666666667;11.6429723188906
"15";10;9.54623508449792;46.6666666666667;8.10606267627884;43.3333333333333;13.4007797044112
"16";8.33333333333333;8.82561544478385;43.3333333333333;7.63868952424585;46.6666666666667;13.4974066770083
"17";8.33333333333333;8.42927230423525;40;7.29829481539871;50;13.243483814607
"18";8.33333333333333;7.9635296049353;36.6666666666667;7.3194090736742;53.3333333333333;13.4696974182055
"19";8.33333333333333;7.51325447808748;33.3333333333333;7.48075286437159;56.6666666666667;12.7542371509293
"20";8.33333333333333;7.51325447808748;30;7.58319677275666;60;12.693595055208
"21";8.33333333333333;6.84579048053939;28.3333333333333;7.77882198504271;63.3333333333333;12.6967939653304
"22";8.33333333333333;6.62511416896244;25;7.63868952424585;66.6666666666667;11.7782191244682
"23";8.33333333333333;6.58083143912298;23.3333333333333;6.09514128125563;68.3333333333333;10.8140103575406
"24";6.66666666666667;6.24520608869863;20;5.91800152418753;71.6666666666667;10.2945571897141
"25";6.66666666666667;6.24520608869863;18.3333333333333;4.98372921165473;73.3333333333333;9.41774692349554
"26";6.66666666666667;5.96584386716862;16.6666666666667;4.90653381462658;75;9.18459172452422
"27";6.66666666666667;5.31649388342314;15;5.2550294607051;76.6666666666667;9.10911403016533
"28";6.66666666666667;5.36515845769287;15;5.396856110778;78.3333333333333;9.29709618111535
"29";6.66666666666667;5.36515845769287;11.6666666666667;5.01135811945519;80;8.77022400568033
"30";6.66666666666667;5.36515845769287;11.6666666666667;4.73295992816456;81.6666666666667;8.43408875643344
"31";6.66666666666667;5.36515845769287;10;4.87164689502283;81.6666666666667;8.42252464392464
"32";6.66666666666667;5.36515845769287;10;4.59362215712363;83.3333333333333;7.95536606654663
"33";6.66666666666667;5.36515845769287;8.33333333333333;4.19047777271432;83.3333333333333;7.61419453485101
"34";6.66666666666667;5.36515845769287;8.33333333333333;4.12798811770759;85;7.76941906738042
"35";6.66666666666667;5.36515845769287;6.66666666666667;3.96131389784639;85;7.46009527033637
"36";6.66666666666667;5.11879666252282;6.66666666666667;3.47178359802666;86.6666666666667;7.01803117216384
"37";6.66666666666667;5.01459857121279;6.66666666666667;3.11152879401708;86.6666666666667;6.55733943416389
"38";6.66666666666667;5.01459857121279;5;2.58073031153406;86.6666666666667;6.23218709165724
"39";6.66666666666667;5.01459857121279;5;2.83278861866266;86.6666666666667;6.37010970045583
"40";6.66666666666667;5.15993306380504;5;2.46250016127902;88.3333333333333;6.16361874862741
"41";6.66666666666667;5.15993306380504;5;2.57071378291466;88.3333333333333;6.05365143655655
"42";6.66666666666667;5.29944811530384;3.33333333333333;2.20941982151705;88.3333333333333;6.34969506755879
"43";6.66666666666667;5.25299478853406;3.33333333333333;2.4463190969665;88.3333333333333;6.73221452557037
"44";6.66666666666667;5.17181642995816;3.33333333333333;2.29482106136921;88.3333333333333;6.08200137625278
"45";6.66666666666667;5.17181642995816;3.33333333333333;1.81301876356452;88.3333333333333;6.06961924487671
"46";6.66666666666667;5.17181642995816;3.33333333333333;1.71796067734069;90;5.62731433871138
"47";6.66666666666667;5.35264361328061;1.66666666666667;1.75932887637249;90;5.66246342712181
"48";6.66666666666667;4.81125224324688;1.66666666666667;1.75005087431139;90;5.42692979055073
"49";6.66666666666667;4.99789517986884;1.66666666666667;1.29749824026921;90;5.24444551446659
"50";6.66666666666667;5.24163595404598;1.66666666666667;1.31040898851149;90;5.54139609729089
"51";6.66666666666667;5.4884840156571;1.66666666666667;1.31468439624436;90;5.16397779494322
"52";5;3.22748612183951;1.66666666666667;0.555555555555555;91.6666666666667;3.13039657488462
"53";5;3.22748612183951;1.66666666666667;0;91.6666666666667;3.22748612183951
"54";5;3.22748612183951;1.66666666666667;0.555555555555555;91.6666666666667;3.09320242379446
"55";5;3.26568255341552;1.66666666666667;0;91.6666666666667;3.26568255341552
"56";5;3.26568255341552;1.66666666666667;0;91.6666666666667;3.26568255341552
"57";5;3.26568255341552;1.66666666666667;0.771516749810459;93.3333333333333;3.72011904571422
"58";6.66666666666667;3.29140294302192;1.66666666666667;0.680413817439772;91.6666666666667;3.27730693416725
"59";6.66666666666667;3.29140294302192;1.66666666666667;0.680413817439772;91.6666666666667;3.27730693416725
"60";6.66666666666667;3.29140294302192;1.66666666666667;0;91.6666666666667;3.29140294302192
"61";6.66666666666667;3.29140294302192;1.66666666666667;0;91.6666666666667;3.29140294302192
"62";6.66666666666667;3.29140294302192;1.66666666666667;0.86066296582387;91.6666666666667;3.23465036177992
"63";5;3.15494908100015;0;0.833333333333333;93.3333333333333;2.88675134594813
