"allS";"sdAllS";"allI";"sdAllI";"allR";"sdAllR"
"1";100;0;0;0;0;0
"2";100;0;0;0;0;0
"3";98.3333333333333;0;1.66666666666667;0;0;0
"4";96.6666666666667;2.2685234912624;3.33333333333333;1.94965883955201;0;0.683985568056769
"5";91.6666666666667;6.53152499141282;8.33333333333333;6.26591540849641;0;1.0080088647155
"6";81.6666666666667;13.4207659641441;16.6666666666667;12.4585081350564;1.66666666666667;1.99495790683224
"7";68.3333333333333;20.4906514445291;28.3333333333333;17.9880654970146;3.33333333333333;3.72677996249965
"8";55;24.4278252915202;38.3333333333333;20.2229291053111;5;5.59053316586374
"9";43.3333333333333;24.7298595207662;46.6666666666667;18.6865669472887;10;8.24711736119541
"10";33.3333333333333;22.3940723615218;51.6666666666667;16.228149201641;15;9.17751440370863
"11";23.3333333333333;18.9866749895945;56.6666666666667;13.8777733297742;20;10.6863244787063
"12";16.6666666666667;14.3615480042585;56.6666666666667;10.5563249950402;25;11.4431385163037
"13";11.6666666666667;10.6513047274811;55;9.45819432534754;31.6666666666667;11.605240688413
"14";8.33333333333333;6.60177974310551;53.3333333333333;8.71168395299933;36.6666666666667;11.3833605181493
"15";6.66666666666667;5.33022570280893;50;8.79426979837153;41.6666666666667;10.7854316586022
"16";6.66666666666667;4.38742665700127;45;9.97234642936869;48.3333333333333;10.7854316586022
"17";5;4.31274159798244;41.6666666666667;9.38232062023691;53.3333333333333;9.79069455171942
"18";5;4.02437343526402;36.6666666666667;8.8898025846192;56.6666666666667;9.45819432534754
"19";5;3.09582711872899;35;8.37707816583391;60;8.56310899192211
"20";5;3.20665730506469;30;8.84032787915958;65;9.06890094016403
"21";5;3.20665730506469;28.3333333333333;8.3372310572758;66.6666666666667;8.59907666893107
"22";5;3.20665730506469;25;8.39934865508985;70;8.74146757476248
"23";5;3.20665730506469;23.3333333333333;7.86604054732352;71.6666666666667;8.42927230423525
"24";5;3.20665730506469;21.6666666666667;7.1122988774121;73.3333333333333;7.51649690986243
"25";5;3.30396418522235;20;6.40697921926155;75;6.74418865185427
"26";5;3.30396418522235;18.3333333333333;5.8392479065681;76.6666666666667;6.21914084102618
"27";5;3.30396418522235;16.6666666666667;5.37423400710212;78.3333333333333;5.66701065347408
"28";3.33333333333333;3.30396418522235;15;5.30119458872963;80;5.73539334676404
"29";3.33333333333333;3.30396418522235;13.3333333333333;5.12989176042577;81.6666666666667;5.61662342866612
"30";3.33333333333333;3.30396418522235;11.6666666666667;4.79095151032329;83.3333333333333;5.13622105556643
"31";3.33333333333333;3.30396418522235;11.6666666666667;4.41142706603366;83.3333333333333;5.27816249752008
"32";3.33333333333333;3.30396418522235;10;4.00616808384888;85;5.22247106536647
"33";3.33333333333333;3.30396418522235;8.33333333333333;3.96131389784639;86.6666666666667;4.83818738578685
"34";3.33333333333333;3.30396418522235;8.33333333333333;3.72023600668279;86.6666666666667;4.42980043611827
"35";3.33333333333333;3.30396418522235;6.66666666666667;3.41755206518622;88.3333333333333;4.18853908291695
"36";5;3.34420883803034;6.66666666666667;3.25758151510037;88.3333333333333;3.79795648910055
"37";5;3.34420883803034;6.66666666666667;2.56541151439666;88.3333333333333;3.71580267808769
"38";5;3.34420883803034;5;2.13045830235381;90;3.47728389234671
"39";5;3.34420883803034;5;2.06115647466947;90;3.48771055410608
"40";5;3.34420883803034;5;2.13045830235381;90;3.62553679695651
"41";5;3.38199770797262;5;1.81339424638176;90;3.28394788714593
"42";5;3.38199770797262;5;1.9751313350888;90;3.54130621003079
"43";5;3.38199770797262;5;1.85790133904385;90;3.62115245440443
"44";5;3.38199770797262;3.33333333333333;1.76198046623641;91.6666666666667;3.63241578628389
"45";5;3.38199770797262;3.33333333333333;1.88518475715975;91.6666666666667;3.73772500798201
"46";5;3.38199770797262;3.33333333333333;1.95433989992643;91.6666666666667;3.81613790326451
"47";5;3.38199770797262;3.33333333333333;2.11495607890241;91.6666666666667;3.95801082277482
"48";5;3.41565025531987;3.33333333333333;1.77103756992168;91.6666666666667;3.73763393170163
"49";5;3.41565025531987;3.33333333333333;1.55158222708544;91.6666666666667;3.80058475033046
"50";5;3.41565025531987;1.66666666666667;1.48682485456363;91.6666666666667;3.71277823499091
"51";5;3.57203901986845;1.66666666666667;1.05553948962775;91.6666666666667;3.28025506021609
"52";5;3.67384689353694;1.66666666666667;0.822580194654708;93.3333333333333;3.71721183384318
"53";5;3.81605680805325;1.66666666666667;0.858214417574062;93.3333333333333;3.7239555740966
"54";5;3.95045068391704;1.66666666666667;1.05409255338946;93.3333333333333;3.95045068391704
"55";5;4.33012701892219;1.66666666666667;0.734930919740164;93.3333333333333;4.28534683903931
"56";5;4.33012701892219;1.66666666666667;1.00154202096222;93.3333333333333;4.31227074896112
"57";5;4.62373963950915;1.66666666666667;0.58925565098879;93.3333333333333;4.60761963818182
"58";5;4.62373963950915;1.66666666666667;0.58925565098879;93.3333333333333;4.60761963818182
"59";5;4.62373963950915;1.66666666666667;0;93.3333333333333;4.62373963950915
"60";5;4.62373963950915;1.66666666666667;0.58925565098879;93.3333333333333;4.62910049886276
"61";5;4.98675494362064;1.66666666666667;0.629940788348712;93.3333333333333;5.0787450018337
"62";5;5.44331053951817;1.66666666666667;0.680413817439772;93.3333333333333;5.45180907793204
"63";5;6.07819417627016;1.66666666666667;0;93.3333333333333;6.07819417627016
"64";5;6.07819417627016;1.66666666666667;0.74535599249993;93.3333333333333;6.41179468722378
"65";5;6.4370167923647;1.66666666666667;0;91.6666666666667;6.4370167923647
"66";5;6.4370167923647;1.66666666666667;0.833333333333333;93.3333333333333;6.80413817439772
"67";6.66666666666667;7.26483157256779;1.66666666666667;0;91.6666666666667;7.26483157256779
"68";6.66666666666667;7.26483157256779;1.66666666666667;0.962250448649376;91.6666666666667;7.69800358919501
"69";8.33333333333333;9.42809041582064;1.66666666666667;0;90;9.42809041582064
"70";8.33333333333333;9.42809041582064;1.66666666666667;0;90;9.42809041582064
"71";8.33333333333333;9.42809041582064;0;1.17851130197758;90;8.24957911384305
"72";1.66666666666667;NA;1.66666666666667;NA;96.6666666666667;NA
"73";1.66666666666667;NA;1.66666666666667;NA;96.6666666666667;NA
"74";1.66666666666667;NA;1.66666666666667;NA;96.6666666666667;NA
"75";1.66666666666667;NA;1.66666666666667;NA;96.6666666666667;NA
"76";1.66666666666667;NA;1.66666666666667;NA;96.6666666666667;NA
