"allS";"sdAllS";"allI";"sdAllI";"allR";"sdAllR"
"1";100;0;0;0;0;0
"2";100;0;0;0;0;0
"3";98.5714285714286;0;1.42857142857143;0;0;0
"4";94.2857142857143;2.45255735793986;5.71428571428571;2.47327281356333;0;0.31943828249997
"5";78.5714285714286;8.53217830305128;20;8.63510184585522;0;0.980475344504657
"6";44.2857142857143;17.511542917126;54.2857142857143;17.2333139771121;1.42857142857143;1.5649215928719
"7";15.7142857142857;10.3460531762857;78.5714285714286;9.9609872730744;5.71428571428571;2.98222445973625
"8";2.85714285714286;3.66127586009821;84.2857142857143;5.40268859353083;11.4285714285714;4.68732321542756
"9";1.42857142857143;1.25013425702203;81.4285714285714;4.40863813728955;17.1428571428571;4.46011082983294
"10";0;0.816057957967828;74.2857142857143;5.58308016269827;24.2857142857143;5.45265729126477
"11";0;0.439705008036495;68.5714285714286;5.27646009643794;30;5.18404558996542
"12";0;0;64.2857142857143;4.6320000296819;34.2857142857143;4.6320000296819
"13";0;0;60;5.63669121582098;38.5714285714286;5.63669121582098
"14";0;0;54.2857142857143;6.27810544260309;44.2857142857143;6.27810544260309
"15";0;0;51.4285714285714;5.73492513227722;48.5714285714286;5.73492513227722
"16";0;0;45.7142857142857;6.50992797127528;52.8571428571429;6.50992797127528
"17";0;0;42.8571428571429;6.54817723754208;57.1428571428571;6.54817723754208
"18";0;0;40;5.99856767722953;60;5.99856767722953
"19";0;0;35.7142857142857;5.48212601942015;64.2857142857143;5.48212601942015
"20";0;0;32.8571428571429;4.32997198116569;67.1428571428571;4.32997198116569
"21";0;0;28.5714285714286;4.78316058002073;70;4.78316058002073
"22";0;0;27.1428571428571;4.92478333229313;72.8571428571428;4.92478333229313
"23";0;0;24.2857142857143;4.37930392872057;74.2857142857143;4.37930392872057
"24";0;0;22.8571428571429;4.30509402759872;75.7142857142857;4.30509402759872
"25";0;0;21.4285714285714;4.10064048860128;78.5714285714286;4.10064048860128
"26";0;0;18.5714285714286;3.7682602321534;80;3.7682602321534
"27";0;0;17.1428571428571;3.65760687845703;81.4285714285714;3.65760687845703
"28";0;0;15.7142857142857;3.25351994792678;82.8571428571429;3.25351994792678
"29";0;0;15.7142857142857;2.98222445973625;84.2857142857143;2.98222445973625
"30";0;0;14.2857142857143;3.41460186663485;85.7142857142857;3.41460186663485
"31";0;0;12.8571428571429;3.34227229637487;87.1428571428571;3.34227229637487
"32";0;0;11.4285714285714;3.46456668886142;87.1428571428571;3.46456668886142
"33";0;0;11.4285714285714;3.29371370132474;88.5714285714286;3.29371370132474
"34";0;0;10;3.45603039331028;88.5714285714286;3.45603039331028
"35";0;0;8.57142857142857;3.44980891140969;90;3.44980891140969
"36";0;0;8.57142857142857;3.24111609053923;91.4285714285714;3.24111609053923
"37";0;0;7.14285714285714;3.18680820086964;91.4285714285714;3.18680820086964
"38";0;0;7.14285714285714;3.19354208730255;92.8571428571429;3.19354208730255
"39";0;0;7.14285714285714;3.28064335730186;92.8571428571429;3.28064335730186
"40";0;0;5.71428571428571;2.79154008134913;92.8571428571429;2.79154008134913
"41";0;0;5.71428571428571;2.51632692262457;92.8571428571429;2.51632692262457
"42";0;0;5.71428571428571;2.67361697184497;94.2857142857143;2.67361697184497
"43";0;0;4.28571428571429;2.7963456281691;94.2857142857143;2.7963456281691
"44";0;0;4.28571428571429;1.97354789398415;94.2857142857143;1.97354789398415
"45";0;0;4.28571428571429;2.13584286170401;94.2857142857143;2.13584286170401
"46";0;0;4.28571428571429;1.85778915709531;94.2857142857143;1.85778915709531
"47";0;0;4.28571428571429;1.71060529292624;95.7142857142857;1.71060529292624
"48";0;0;4.28571428571429;1.65713561285;95.7142857142857;1.65713561285
"49";0;0;2.85714285714286;1.82930001241299;95.7142857142857;1.82930001241299
"50";0;0;2.85714285714286;1.64699272433536;95.7142857142857;1.64699272433536
"51";0;0;2.85714285714286;1.87173752447939;95.7142857142857;1.87173752447939
"52";0;0;2.85714285714286;1.7205536902757;95.7142857142857;1.7205536902757
"53";0;0;2.85714285714286;1.6975900758091;95.7142857142857;1.6975900758091
"54";0;0;2.85714285714286;1.35608899014092;97.1428571428571;1.35608899014092
"55";0;0;2.85714285714286;1.54545394581397;97.1428571428571;1.54545394581397
"56";0;0;2.85714285714286;0.955082747745031;97.1428571428571;0.955082747745031
"57";0;0;2.85714285714286;1.13960576459638;97.1428571428571;1.13960576459638
"58";0;0;2.85714285714286;0.982216644217612;97.1428571428571;0.982216644217612
"59";0;0;1.42857142857143;1.15577119279413;97.1428571428571;1.15577119279413
"60";0;0;2.85714285714286;1.01015254455221;97.1428571428571;1.01015254455221
"61";0;0;2.85714285714286;1.01015254455221;97.1428571428571;1.01015254455221
"62";0;0;1.42857142857143;1.17610371764081;97.1428571428571;1.17610371764081
"63";0;0;1.42857142857143;1.23717914826348;97.1428571428571;1.23717914826348
"64";0;0;1.42857142857143;0.739355956438237;97.1428571428571;0.739355956438237
"65";0;0;1.42857142857143;0.739355956438237;97.1428571428571;0.739355956438237
"66";0;0;1.42857142857143;0.91552849208808;97.1428571428571;0.91552849208808
"67";0;0;1.42857142857143;0.697071480677524;97.1428571428571;0.697071480677524
"68";0;0;1.42857142857143;0.697071480677524;97.1428571428571;0.697071480677524
"69";0;0;1.42857142857143;0.697071480677524;97.1428571428571;0.697071480677524
"70";0;0;1.42857142857143;0.697071480677524;97.1428571428571;0.697071480677524
"71";0;0;1.42857142857143;0.539949247156039;97.1428571428571;0.539949247156039
"72";0;0;1.42857142857143;0.539949247156039;97.1428571428571;0.539949247156039
"73";0;0;1.42857142857143;0.824786098842322;98.5714285714286;0.824786098842322
"74";0;0;1.42857142857143;0.583211843519804;97.1428571428571;0.583211843519804
"75";0;0;1.42857142857143;0.583211843519804;97.1428571428571;0.583211843519804
"76";0;0;1.42857142857143;0.903507902905251;98.5714285714286;0.903507902905251
"77";0;0;1.42857142857143;0.63887656499994;97.1428571428571;0.63887656499994
"78";0;0;1.42857142857143;1.19522860933439;98.5714285714286;1.19522860933439
"79";0;0;1.42857142857143;0.824786098842322;97.1428571428571;0.824786098842322
"80";0;0;1.42857142857143;0.824786098842322;97.1428571428571;0.824786098842322
"81";0;0;1.42857142857143;0.824786098842322;97.1428571428571;0.824786098842322
"82";0;0;1.42857142857143;0.824786098842322;97.1428571428571;0.824786098842322
"83";0;0;1.42857142857143;0.824786098842322;97.1428571428571;0.824786098842322
"84";0;0;1.42857142857143;0;98.5714285714286;0
"85";0;0;1.42857142857143;0.824786098842322;98.5714285714286;0.824786098842322
"86";0;0;1.42857142857143;0;98.5714285714286;0
"87";0;0;1.42857142857143;0;98.5714285714286;0
"88";0;0;0;1.01015254455221;98.5714285714286;1.01015254455221
"89";0;NA;1.42857142857143;NA;98.5714285714286;NA
"90";0;NA;1.42857142857143;NA;98.5714285714286;NA
"91";0;NA;1.42857142857143;NA;98.5714285714286;NA
"92";0;NA;1.42857142857143;NA;98.5714285714286;NA
"93";0;NA;1.42857142857143;NA;98.5714285714286;NA
"94";0;NA;1.42857142857143;NA;98.5714285714286;NA
"95";0;NA;1.42857142857143;NA;98.5714285714286;NA
"96";0;NA;1.42857142857143;NA;98.5714285714286;NA
"97";0;NA;1.42857142857143;NA;98.5714285714286;NA
"98";0;NA;1.42857142857143;NA;98.5714285714286;NA
"99";0;NA;1.42857142857143;NA;98.5714285714286;NA
"100";0;NA;1.42857142857143;NA;98.5714285714286;NA
"101";0;NA;1.42857142857143;NA;98.5714285714286;NA
"102";0;NA;1.42857142857143;NA;98.5714285714286;NA
"103";0;NA;1.42857142857143;NA;98.5714285714286;NA
"104";0;NA;1.42857142857143;NA;98.5714285714286;NA
"105";0;NA;1.42857142857143;NA;98.5714285714286;NA
"106";0;NA;1.42857142857143;NA;98.5714285714286;NA
"107";0;NA;1.42857142857143;NA;98.5714285714286;NA
"108";0;NA;1.42857142857143;NA;98.5714285714286;NA
"109";0;NA;1.42857142857143;NA;98.5714285714286;NA
"110";0;NA;1.42857142857143;NA;98.5714285714286;NA
"111";0;NA;1.42857142857143;NA;98.5714285714286;NA
"112";0;NA;1.42857142857143;NA;98.5714285714286;NA
"113";0;NA;1.42857142857143;NA;98.5714285714286;NA
"114";0;NA;1.42857142857143;NA;98.5714285714286;NA
"115";0;NA;1.42857142857143;NA;98.5714285714286;NA
