"allS";"sdAllS";"allI";"sdAllI";"allR";"sdAllR"
"1";100;0;0;0;0;0
"2";100;0;0;0;0;0
"3";99.21875;0;0.78125;0;0;0
"4";97.65625;2.04786662400263;2.34375;2.08825316837549;0;0.240463676269958
"5";86.71875;11.3494439820045;12.5;11.0993082814047;0;0.531685193264625
"6";59.375;24.3147238869243;39.0625;23.193078577767;1.5625;1.71163299220364
"7";34.375;26.1164598918397;59.375;23.3461762460686;5.46875;3.59602866832123
"8";22.65625;25.6011640484829;66.40625;21.8513073643678;10.9375;6.13902295125638
"9";17.1875;23.6970280101357;64.84375;18.3464662765211;17.96875;7.87556780534451
"10";12.5;20.7184805268457;63.28125;15.8946207068194;23.4375;9.05817444410674
"11";10.9375;19.8184476586509;60.15625;14.5552270175381;28.90625;9.76858507769832
"12";7.8125;13.6099986072305;56.25;9.13858642359671;35.15625;10.5836651219533
"13";5.46875;5.84345424772285;53.125;7.98845843927474;40.625;10.4720634976124
"14";4.6875;3.21493730179;48.4375;8.62648892444958;46.875;9.81983310050179
"15";3.90625;2.47831881418369;43.75;8.96836029778694;51.5625;9.69207500205166
"16";3.90625;2.19365909243341;39.84375;9.08782687708463;56.25;9.19605466278989
"17";3.90625;2.15971546462906;35.9375;8.43491066506525;60.15625;8.15609560753247
"18";3.90625;2.2137029095039;32.8125;8.00502900114737;63.28125;7.59514671338624
"19";3.90625;2.25966207137466;28.90625;7.09537643654766;67.1875;6.59158556861611
"20";3.125;2.27418697516856;26.5625;6.18593813354977;69.53125;5.7694581021759
"21";3.125;2.27418697516856;23.4375;5.92534138583182;72.65625;5.68179365088903
"22";3.125;2.3019155665431;21.09375;5.70225187079862;75;5.66707468679888
"23";3.125;2.3019155665431;18.75;4.68252888818118;77.34375;4.71210646828157
"24";3.125;2.3019155665431;17.1875;4.64896440788586;78.90625;4.79237799234848
"25";3.125;2.3019155665431;15.625;4.33427948088504;80.46875;4.57285094540752
"26";3.125;2.3019155665431;14.0625;3.26476120217648;82.03125;3.76193106108926
"27";3.125;2.3019155665431;12.5;2.92756227741749;83.59375;3.4426826212645
"28";3.125;2.3019155665431;10.9375;2.95704061977067;85.15625;3.64571095502629
"29";3.125;2.3019155665431;10.15625;2.71699126417537;85.9375;3.3557393117054
"30";3.125;2.3019155665431;9.375;2.55836225223312;86.71875;3.16179001807853
"31";3.125;2.3019155665431;8.59375;2.4430709784861;87.5;3.23882940788615
"32";3.125;2.3019155665431;7.8125;2.44799686085513;88.28125;3.36362758681207
"33";3.125;2.3019155665431;7.03125;2.27983012770342;89.0625;3.044554615767
"34";3.125;2.3019155665431;6.25;2.38148083475028;89.84375;3.00339035398682
"35";3.125;2.3019155665431;5.46875;2.28510792655834;90.625;2.8497172066531
"36";3.125;2.3019155665431;5.46875;2.22564255579916;90.625;2.76823490441468
"37";3.125;2.3019155665431;4.6875;2.08209084385681;91.40625;2.7696850773385
"38";3.125;2.3019155665431;3.90625;1.91156439425622;92.1875;2.5486124804799
"39";3.125;2.3019155665431;3.90625;1.68658220046177;92.1875;2.3492260588666
"40";3.125;2.3019155665431;3.125;1.66018648385783;92.96875;2.34340732143979
"41";3.125;2.3019155665431;3.125;1.68324573388971;92.96875;2.2137029095039
"42";3.125;2.01540859428072;3.125;1.59191967195555;93.75;2.16648083506382
"43";3.125;1.53497118748706;2.34375;1.17378826658006;93.75;1.76354762943006
"44";3.125;1.53497118748706;2.34375;1.04214526382799;93.75;1.75717410793246
"45";3.125;1.53497118748706;2.34375;1.00487452231939;94.53125;1.84804654230308
"46";3.125;1.53497118748706;2.34375;1.03566554133612;94.53125;1.74949523313785
"47";3.125;1.53497118748706;1.5625;1.10688346456889;94.53125;1.86857431423823
"48";3.125;1.53497118748706;1.5625;1.12298443320656;94.53125;1.98955004912617
"49";3.125;1.53497118748706;1.5625;1.12098445934287;95.3125;1.9816392820152
"50";3.125;1.44671947283256;1.5625;0.988211768802619;95.3125;2.03162556624154
"51";3.125;1.44671947283256;1.5625;1.02360645869966;95.3125;2.09570706886473
"52";3.125;1.45260887531464;1.5625;0.999906989722163;95.3125;2.04294936625831
"53";3.125;1.47490866459936;1.5625;0.810741440098079;95.3125;2.0055074910043
"54";3.125;1.47490866459936;1.5625;0.724069293747108;95.3125;1.98195864136711
"55";3.125;1.47490866459936;0.78125;0.880157362732981;95.3125;1.98787200699288
"56";3.125;1.59413988101022;0.78125;0.729842760151428;95.3125;1.88444590361102
"57";3.125;1.66544551617911;1.5625;0.658807845868412;95.3125;1.88689801382675
"58";3.125;1.66544551617911;1.5625;0.66393483249906;95.3125;1.84877493221863
"59";3.125;1.66544551617911;1.5625;0.66393483249906;95.3125;1.84877493221863
"60";3.125;1.66544551617911;0.78125;0.546254608421954;95.3125;1.80609800879164
"61";3.125;1.66544551617911;0.78125;0.684058621696026;96.09375;1.76623176643887
"62";3.125;1.77170846723075;0.78125;0.651971062809594;95.3125;1.84109505427719
"63";3.125;1.88304326411366;0.78125;0.590569489076918;95.3125;1.85191643819251
"64";3.125;1.88304326411366;0.78125;0.78125;95.3125;1.88304326411366
"65";3.125;1.83219365618103;0.78125;0.855816496101822;95.3125;1.50276437981807
"66";2.34375;0.637887953849786;1.5625;0.78125;96.09375;1.00858941307485
"67";2.34375;0.637887953849786;0.78125;0.983051358759212;96.09375;1.33423838098432
"68";2.34375;0.451054897804395;0.78125;0.451054897804395;96.09375;0.451054897804395
"69";2.34375;0.451054897804395;0.78125;0.451054897804395;96.09375;0.451054897804395
"70";2.34375;0.451054897804395;0.78125;0.78125;96.09375;0.451054897804395
"71";2.34375;0;1.5625;0.55242717280199;96.09375;0.55242717280199
"72";2.34375;0;1.5625;0.55242717280199;96.09375;0.55242717280199
"73";2.34375;0;1.5625;0.55242717280199;96.09375;0.55242717280199
"74";2.34375;0;1.5625;0.55242717280199;96.09375;0.55242717280199
"75";2.34375;0;1.5625;0.55242717280199;96.09375;0.55242717280199
"76";2.34375;0;1.5625;0.55242717280199;96.09375;0.55242717280199
"77";2.34375;0;1.5625;0.55242717280199;96.09375;0.55242717280199
"78";2.34375;0;1.5625;0.55242717280199;96.09375;0.55242717280199
"79";2.34375;0;1.5625;0.55242717280199;96.09375;0.55242717280199
"80";2.34375;0;0.78125;0;96.875;0
"81";2.34375;0;0.78125;0;96.875;0
"82";2.34375;0;0.78125;0;96.875;0
"83";2.34375;0;0.78125;0;96.875;0
"84";2.34375;0;0;0.55242717280199;96.875;0.55242717280199
"85";2.34375;NA;0.78125;NA;96.875;NA
"86";2.34375;NA;0.78125;NA;96.875;NA
"87";2.34375;NA;0.78125;NA;96.875;NA
"88";2.34375;NA;0.78125;NA;96.875;NA
"89";2.34375;NA;0.78125;NA;96.875;NA
"90";2.34375;NA;0.78125;NA;96.875;NA
"91";2.34375;NA;0.78125;NA;96.875;NA
"92";2.34375;NA;0.78125;NA;96.875;NA
"93";2.34375;NA;0.78125;NA;96.875;NA
"94";2.34375;NA;0.78125;NA;96.875;NA
"95";2.34375;NA;0.78125;NA;96.875;NA
"96";2.34375;NA;0.78125;NA;96.875;NA
"97";2.34375;NA;0.78125;NA;96.875;NA
"98";2.34375;NA;0.78125;NA;96.875;NA
"99";2.34375;NA;0.78125;NA;96.875;NA
"100";2.34375;NA;0.78125;NA;96.875;NA
