"allS";"sdAllS";"allI";"sdAllI";"allR";"sdAllR"
"1";100;0;0;0;0;0
"2";100;0;0;0;0;0
"3";98.3333333333333;0;1.66666666666667;0;0;0
"4";95;4.988290382052;5;5.02260969886517;0;0.610579247554205
"5";85;11.219174793225;15;11.2116793740262;0;0.815600808215988
"6";71.6666666666667;15.5089108511679;26.6666666666667;15.4238366446908;1.66666666666667;1.08147614087175
"7";58.3333333333333;16.788153718118;38.3333333333333;16.4749943428364;3.33333333333333;1.9849580548546
"8";48.3333333333333;17.5175350745394;45;16.7095938405393;5;2.44680242464796
"9";41.6666666666667;18.1520140489998;48.3333333333333;15.9208109787857;10;3.74634324632678
"10";36.6666666666667;17.1559752092417;50;14.1408433373826;13.3333333333333;4.85084546799689
"11";33.3333333333333;17.3845397472071;50;13.5982455008635;16.6666666666667;6.15587011251092
"12";31.6666666666667;17.405551309116;48.3333333333333;13.2110621731445;20;7.10407180828783
"13";28.3333333333333;17.0962189315178;46.6666666666667;11.9633333577745;23.3333333333333;8.2162832194077
"14";26.6666666666667;13.9262363357632;45;8.15197389363908;28.3333333333333;8.98341551894183
"15";23.3333333333333;11.0037207954868;45;5.74812453523013;30;9.08214622856068
"16";21.6666666666667;8.3069758608784;43.3333333333333;5.83082652903479;35;9.40130325667546
"17";20;7.28041111235569;40;6.6688592885535;38.3333333333333;8.90946996014691
"18";18.3333333333333;6.37234063325234;38.3333333333333;7.73463388942934;41.6666666666667;9.03979182599411
"19";18.3333333333333;6.21907554101052;35;8.04364919658116;46.6666666666667;8.86876376730342
"20";16.6666666666667;6.11476498953091;33.3333333333333;8.40278079841423;48.3333333333333;9.04989418696825
"21";16.6666666666667;5.72965508284932;33.3333333333333;8.48932938754837;50;8.9279114208857
"22";15;5.17528991757893;31.6666666666667;7.58191137622691;53.3333333333333;7.77986605215499
"23";15;4.79400210057848;30;7.40633520505186;55;7.80613044437639
"24";15;4.60342486284248;28.3333333333333;6.99780667392391;56.6666666666667;7.58769394580492
"25";13.3333333333333;4.19812684489737;25;7.06848288477787;60;7.67390962214756
"26";13.3333333333333;4.31236492287819;23.3333333333333;6.16239776376293;61.6666666666667;7.10149889457906
"27";13.3333333333333;4.35956969817164;23.3333333333333;6.58724622778723;63.3333333333333;7.59732178110247
"28";13.3333333333333;4.41289975079044;20;6.47701739892405;65;7.45110769268256
"29";13.3333333333333;4.36292192450177;20;6.49786289653931;66.6666666666667;7.91216400116217
"30";13.3333333333333;4.20247768744229;18.3333333333333;6.36315692733342;68.3333333333333;7.53694603639668
"31";13.3333333333333;4.10034943597202;16.6666666666667;6.03595465009568;70;7.13487440313689
"32";11.6666666666667;4.33518853674472;16.6666666666667;5.67388601014687;70;6.91373326086125
"33";11.6666666666667;4.33518853674472;15;6.09620723811605;71.6666666666667;7.40386733146862
"34";11.6666666666667;4.32167798254281;13.3333333333333;5.49055542093961;73.3333333333333;6.78567031599877
"35";11.6666666666667;4.47866939304117;11.6666666666667;4.43520604161508;75;6.15290070897483
"36";11.6666666666667;4.2397106267799;11.6666666666667;4.2397106267799;76.6666666666667;6.62045386334843
"37";11.6666666666667;4.2397106267799;11.6666666666667;4.33940195841837;76.6666666666667;6.72072381927503
"38";11.6666666666667;4.26720802486654;10;3.58685057899314;78.3333333333333;6.00377561517974
"39";11.6666666666667;4.26720802486654;8.33333333333333;3.86542629833195;78.3333333333333;6.38151112280832
"40";11.6666666666667;4.26720802486654;8.33333333333333;3.72579910185297;80;6.27349385479884
"41";11.6666666666667;4.26720802486654;8.33333333333333;3.91428632408266;80;6.49955014187779
"42";11.6666666666667;4.253481546117;6.66666666666667;3.61122356999876;81.6666666666667;6.4317150950837
"43";11.6666666666667;4.253481546117;6.66666666666667;3.65148371670111;81.6666666666667;6.27058015167628
"44";11.6666666666667;4.253481546117;6.66666666666667;3.39848607505448;81.6666666666667;6.09080891313906
"45";11.6666666666667;4.29538035541217;5;2.89181138724765;83.3333333333333;5.79624803024078
"46";11.6666666666667;4.2328083664001;5;3.00584226454055;83.3333333333333;5.7449443831
"47";11.6666666666667;4.2328083664001;5;2.54204411922641;83.3333333333333;5.57445615316048
"48";11.6666666666667;4.2328083664001;3.33333333333333;2.83436513720342;83.3333333333333;5.66873027440684
"49";11.6666666666667;4.34650868534585;3.33333333333333;2.72463790656618;85;5.8392479065681
"50";11.6666666666667;4.33693498723636;3.33333333333333;2.61968415997792;83.3333333333333;5.5391915861199
"51";11.6666666666667;4.27049290582226;3.33333333333333;2.5494385444238;85;5.520313053546
"52";11.6666666666667;4.10244626527601;3.33333333333333;2.16270376651527;85;4.92592183071889
"53";11.6666666666667;4.01386485959743;3.33333333333333;2.23347843641391;85;5.15388203202208
"54";11.6666666666667;4.15315268785982;3.33333333333333;2.27128381289749;85;5.43601550312952
"55";11.6666666666667;4.10671150253818;3.33333333333333;1.96116135138184;85;5.08325076495724
"56";11.6666666666667;4.10671150253818;3.33333333333333;2.18567318626717;85;5.24724475640097
"57";11.6666666666667;4.34859246311452;3.33333333333333;1.64516038930942;85;5.01777467390303
"58";11.6666666666667;4.34859246311452;3.33333333333333;1.38675049056307;85;4.88471072433147
"59";11.6666666666667;4.34859246311452;3.33333333333333;1.27991274631384;85;4.79271170320994
"60";11.6666666666667;4.34859246311452;1.66666666666667;1.29375004301031;85;4.78155287153116
"61";11.6666666666667;4.48529208835335;3.33333333333333;1.3216024351646;85;4.63072377643093
"62";11.6666666666667;4.48529208835335;3.33333333333333;1.50755672288882;85;4.5133546692422
"63";11.6666666666667;4.36931448752651;1.66666666666667;1.25126198921591;86.6666666666667;4.15604707296817
"64";10;4.03495529064832;1.66666666666667;0.734930919740164;86.6666666666667;3.81881307912987
"65";10;4.03495529064832;1.66666666666667;0.555555555555555;86.6666666666667;3.70601779559065
"66";10;4.03495529064832;1.66666666666667;0.555555555555555;86.6666666666667;3.70601779559065
"67";10;4.03495529064832;1.66666666666667;0.555555555555555;86.6666666666667;3.70601779559065
"68";10;3.72677996249965;1.66666666666667;0.555555555555555;86.6666666666667;4.03495529064832
"69";10;3.72677996249965;1.66666666666667;0.555555555555555;86.6666666666667;4.03495529064832
"70";10;3.72677996249965;1.66666666666667;0.833333333333333;88.3333333333333;4.16666666666667
"71";11.6666666666667;2.72165526975909;1.66666666666667;0.86066296582387;86.6666666666667;2.72165526975909
"72";10;2.15165741455968;1.66666666666667;0;86.6666666666667;2.15165741455968
"73";10;2.15165741455968;1.66666666666667;0.833333333333333;86.6666666666667;2.09717623201965
"74";10;2.54587538608658;1.66666666666667;0;86.6666666666667;2.54587538608658
"75";10;2.54587538608658;1.66666666666667;0;86.6666666666667;2.54587538608658
"76";10;2.54587538608658;1.66666666666667;0;86.6666666666667;2.54587538608658
"77";10;2.54587538608658;0;0.962250448649376;88.3333333333333;2.54587538608658
"78";10;NA;1.66666666666667;NA;88.3333333333333;NA
"79";10;NA;1.66666666666667;NA;88.3333333333333;NA
"80";10;NA;1.66666666666667;NA;88.3333333333333;NA
"81";10;NA;1.66666666666667;NA;88.3333333333333;NA
"82";10;NA;1.66666666666667;NA;88.3333333333333;NA
"83";10;NA;1.66666666666667;NA;88.3333333333333;NA
"84";10;NA;1.66666666666667;NA;88.3333333333333;NA
"85";10;NA;1.66666666666667;NA;88.3333333333333;NA
"86";10;NA;1.66666666666667;NA;88.3333333333333;NA
"87";10;NA;1.66666666666667;NA;88.3333333333333;NA
"88";10;NA;1.66666666666667;NA;88.3333333333333;NA
"89";10;NA;1.66666666666667;NA;88.3333333333333;NA
