"allS";"sdAllS";"allI";"sdAllI";"allR";"sdAllR"
"1";100;0;0;0;0;0
"2";100;0;0;0;0;0
"3";98.5714285714286;0;1.42857142857143;0;0;0
"4";95.7142857142857;2.89077944510037;4.28571428571429;2.87494454249973;0;0.31943828249997
"5";88.5714285714286;7.17848258651492;11.4285714285714;7.27656804647003;0;0.586273344048659
"6";71.4285714285714;16.2186655672393;27.1428571428571;16.0442125445955;0;1.35921883169644
"7";47.1428571428571;22.6089675468349;48.5714285714286;21.2664291705736;2.85714285714286;2.38145358133283
"8";27.1428571428571;23.7946820909832;64.2857142857143;21.4716359251415;7.14285714285714;4.19451844225365
"9";11.4285714285714;10.1915067522839;72.8571428571428;7.46955470718107;15.7142857142857;5.81264553130176
"10";4.28571428571429;4.69883039079014;72.8571428571428;5.03004459320385;21.4285714285714;6.54380157568524
"11";2.85714285714286;2.78950858706296;67.1428571428571;5.75486842265916;30;6.27948350711455
"12";1.42857142857143;1.75474396633727;61.4285714285714;7.19944170436272;37.1428571428571;7.3511809635363
"13";1.42857142857143;1.45341801176922;55.7142857142857;7.16287920635855;42.8571428571429;7.01982598051788
"14";0;1.20170146313151;50;6.07762964076983;48.5714285714286;6.04612891869993
"15";0;0.831989607654027;44.2857142857143;5.88204052721624;54.2857142857143;6.00254550769138
"16";0;0.831989607654027;38.5714285714286;4.63103372112238;60;4.77066862716921
"17";0;0.831989607654027;35.7142857142857;4.76190476190476;62.8571428571429;4.76315772989432
"18";0;0.646305611941234;31.4285714285714;5.11941188888698;67.1428571428571;5.18082153748977
"19";0;0.646305611941234;28.5714285714286;4.88438964489186;71.4285714285714;4.9691733810746
"20";0;0.646305611941234;25.7142857142857;5.23581631902366;72.8571428571428;5.32845283317936
"21";0;0.646305611941234;24.2857142857143;4.6477546305052;74.2857142857143;4.75939783634965
"22";0;0.646305611941234;21.4285714285714;4.46839827281296;77.1428571428572;4.50033481933247
"23";0;0.646305611941234;20;4.72794911189097;78.5714285714286;4.86725567702336
"24";0;0.646305611941234;17.1428571428571;4.72794911189097;81.4285714285714;4.86725567702336
"25";0;0.646305611941234;14.2857142857143;4.55699475721983;84.2857142857143;4.65032174179207
"26";0;0.646305611941234;12.8571428571429;4.03765543545303;85.7142857142857;4.18426288059444
"27";0;0.646305611941234;11.4285714285714;4.10652986599139;87.1428571428571;4.30793459945572
"28";0;0.646305611941234;11.4285714285714;3.68531857239903;87.1428571428571;3.9054342596152
"29";0;0.646305611941234;10;3.70630850837854;88.5714285714286;3.9084889603244
"30";0;0.646305611941234;8.57142857142857;3.37779159675818;90;3.5968186868993
"31";0;0.646305611941234;8.57142857142857;3.60344877305492;90;3.77648581208943
"32";0;0.65841228423211;8.57142857142857;3.36816534854304;91.4285714285714;3.51827864831542
"33";0;0.65841228423211;7.14285714285714;3.41144962277693;91.4285714285714;3.55223601209261
"34";0;0.65841228423211;5.71428571428571;3.06002377412321;92.8571428571429;3.29206142116055
"35";0;0.65841228423211;5.71428571428571;2.71961244482984;94.2857142857143;2.93997574530015
"36";0;0.65841228423211;4.28571428571429;2.42810453028228;94.2857142857143;2.55785399247469
"37";0;0.65841228423211;4.28571428571429;2.21704746298192;94.2857142857143;2.34993805951421
"38";0;0.65841228423211;4.28571428571429;2.2394953603705;94.2857142857143;2.31130630915547
"39";0;0.65841228423211;4.28571428571429;2.08688173202957;95.7142857142857;2.1295885499998
"40";0;0.65841228423211;2.85714285714286;1.71498585142509;95.7142857142857;1.7817416127495
"41";0;0.65841228423211;2.85714285714286;1.73047136520419;95.7142857142857;1.7362428254691
"42";0;0.670954597591232;2.85714285714286;1.44942758913112;95.7142857142857;1.4180283219064
"43";0;0.63887656499994;2.85714285714286;1.49545797594688;95.7142857142857;1.60515750387459
"44";0;0.653911011738662;2.85714285714286;1.49505176706367;97.1428571428571;1.57111932640512
"45";0;0.626470013790735;2.85714285714286;1.09706806826901;97.1428571428571;1.28388147753274
"46";0;0.556070674401088;2.85714285714286;0.963142660661774;97.1428571428571;1.26803623514085
"47";0;0.577885596397065;2.85714285714286;0.746047096952991;97.1428571428571;1.12320770443842
"48";0;0.577885596397065;1.42857142857143;0.746047096952991;97.1428571428571;1.15577119279413
"49";0;0.577885596397065;1.42857142857143;0.963142660661774;97.1428571428571;1.33456961856261
"50";0;0.602338601936834;1.42857142857143;0.998865569685859;97.1428571428571;1.38013111868471
"51";0;0.629940788348712;2.85714285714286;0.752923252421043;97.1428571428571;1.19047619047619
"52";0;0.629940788348712;1.42857142857143;0.952380952380952;97.1428571428571;1.0378330817954
"53";0;0.661300071266108;1.42857142857143;0.739355956438237;97.1428571428571;0.739355956438237
"54";0;0.661300071266108;1.42857142857143;0.739355956438237;97.1428571428571;0.739355956438237
"55";0;0.661300071266108;1.42857142857143;0.739355956438237;97.1428571428571;0.739355956438237
"56";0;0.661300071266108;1.42857142857143;0.661300071266108;97.1428571428571;0.763603548321213
"57";0;0.661300071266108;1.42857142857143;0.661300071266108;97.1428571428571;0.763603548321213
"58";0;0.661300071266108;1.42857142857143;0.661300071266108;97.1428571428571;0.763603548321213
"59";0;0.661300071266108;1.42857142857143;1.19217565770897;97.1428571428571;0.91552849208808
"60";0;0;1.42857142857143;0.782460796435951;97.1428571428571;0.782460796435951
"61";0;0;1.42857142857143;0.782460796435951;97.1428571428571;0.782460796435951
"62";0;0;1.42857142857143;0.782460796435951;97.1428571428571;0.782460796435951
"63";0;0;1.42857142857143;1.19522860933439;97.1428571428571;1.19522860933439
"64";0;0;1.42857142857143;0.714285714285714;97.1428571428571;0.714285714285714
"65";0;0;1.42857142857143;1.16642368703961;98.5714285714286;1.16642368703961
"66";0;0;1.42857142857143;0.824786098842322;97.1428571428571;0.824786098842322
"67";0;0;1.42857142857143;0.824786098842322;97.1428571428571;0.824786098842322
"68";0;0;1.42857142857143;0.824786098842322;97.1428571428571;0.824786098842322
"69";0;0;1.42857142857143;0.824786098842322;97.1428571428571;0.824786098842322
"70";0;0;1.42857142857143;0;98.5714285714286;0
"71";0;0;1.42857142857143;0;98.5714285714286;0
"72";0;0;1.42857142857143;0;98.5714285714286;0
"73";0;0;1.42857142857143;0;98.5714285714286;0
"74";0;0;1.42857142857143;0;98.5714285714286;0
"75";0;0;1.42857142857143;0;98.5714285714286;0
"76";0;0;1.42857142857143;0;98.5714285714286;0
"77";0;0;1.42857142857143;0;98.5714285714286;0
"78";0;0;1.42857142857143;0.824786098842322;98.5714285714286;0.824786098842322
"79";0;0;0;1.01015254455221;98.5714285714286;1.01015254455221
