"allS";"sdAllS";"allI";"sdAllI";"allR";"sdAllR"
"1";100;0;0;0;0;0
"2";100;0;0;0;0;0
"3";99.0697674418605;0;0.930232558139535;0;0;0
"4";98.1395348837209;0.627203922100831;1.3953488372093;0.756025768267208;0;0.273089743540651
"5";97.2093023255814;1.57548033387555;2.32558139534884;1.55566218227734;0;0.312009485232529
"6";95.8139534883721;2.70734349578882;3.72093023255814;2.56358605682038;0;0.383989743014836
"7";94.8837209302326;3.64136161195248;4.65116279069767;3.42213740976882;0.465116279069767;0.554455405283042
"8";93.4883720930233;4.9460382657438;5.58139534883721;4.65575049142569;0.930232558139535;0.789905283710871
"9";92.093023255814;6.11760297672756;6.51162790697674;5.36058525713864;1.3953488372093;0.983482035050709
"10";90.2325581395349;6.80824680303534;6.97674418604651;5.47901823076967;2.32558139534884;1.59183679427501
"11";89.3023255813954;7.45958721030173;7.44186046511628;5.76424280528428;2.7906976744186;2.08498388024399
"12";87.4418604651163;8.19769395034002;8.37209302325581;6.00299755281807;3.72093023255814;2.91550767822272
"13";86.046511627907;8.83927051913598;9.30232558139535;6.51036007940832;4.65116279069767;3.18143757979801
"14";84.6511627906977;9.67958975815594;9.30232558139535;6.73996406910617;5.58139534883721;3.88294761391913
"15";83.7209302325581;10.1425887847088;9.30232558139535;6.28794875198243;6.51162790697674;4.34821207846369
"16";82.3255813953488;10.324745764617;9.76744186046512;5.73764694358357;7.90697674418605;4.96964811840644
"17";81.3953488372093;10.6594080224118;9.76744186046512;5.64528911852464;8.37209302325581;5.40381164957159
"18";80.4651162790698;11.0993710491862;9.76744186046512;5.48548539085418;9.76744186046512;6.02922551828242
"19";79.5348837209302;11.3051353166633;9.30232558139535;5.21994793419946;10.6976744186047;6.71497681986283
"20";79.0697674418605;11.2981390617345;8.83720930232558;4.90004589538373;12.093023255814;7.31394208304904
"21";78.6046511627907;11.6111942998661;8.37209302325581;4.89500874735646;13.0232558139535;7.84134487838871
"22";78.1395348837209;11.6654365119847;8.37209302325581;5.09149195109806;13.4883720930233;8.01164315502603
"23";77.6744186046512;11.9712138272215;7.90697674418605;5.12109857939788;14.4186046511628;8.28551269202318
"24";77.2093023255814;12.0707197897331;7.44186046511628;4.82760661681729;15.3488372093023;8.69782059802499
"25";76.7441860465116;12.1359436686116;6.97674418604651;4.69973280265716;16.2790697674419;9.06392458092416
"26";76.2790697674419;12.2313692547696;6.51162790697674;4.31712218067829;16.7441860465116;9.29763243505383
"27";75.8139534883721;12.2633394537729;6.51162790697674;3.7724235146418;17.6744186046512;9.56589742419639
"28";75.8139534883721;12.2611212779932;6.04651162790698;3.46695451502511;18.1395348837209;9.8785876382535
"29";75.3488372093023;12.3515349947271;5.58139534883721;3.1964038126915;19.0697674418605;10.1195495494274
"30";74.8837209302326;12.3784434629396;5.11627906976744;3.27634335082588;19.5348837209302;10.3276248524727
"31";74.8837209302326;12.4924869650491;5.11627906976744;3.36586179853906;20;10.4994676253141
"32";74.4186046511628;12.4775407935718;4.65116279069767;3.14030293177725;20.4651162790698;10.6699657114923
"33";74.4186046511628;12.4885368354976;4.65116279069767;3.02769866771212;20.9302325581395;10.9270636134714
"34";74.4186046511628;12.481646440036;4.18604651162791;2.61735550637738;21.3953488372093;11.0647240475971
"35";73.953488372093;12.4194099219828;4.18604651162791;2.36816713924323;21.8604651162791;11.1253281342916
"36";73.953488372093;12.5116122342299;3.72093023255814;2.24306201234895;22.3255813953488;11.3159290390407
"37";73.953488372093;12.6128230019197;3.25581395348837;2.24616191735666;22.7906976744186;11.3833107381769
"38";73.953488372093;12.6999861896653;2.7906976744186;2.05805136420893;22.7906976744186;11.5068360388734
"39";73.953488372093;12.7133773158139;2.7906976744186;2.10575332946736;23.2558139534884;11.5137054806562
"40";73.4883720930233;12.7861099792784;2.7906976744186;2.1865123306113;23.2558139534884;11.4887910941761
"41";73.4883720930233;12.7861099792784;2.32558139534884;2.1078550300413;23.7209302325581;11.6618029010332
"42";73.4883720930233;12.7992133170024;2.32558139534884;2.08916639975391;23.7209302325581;11.7098702456964
"43";72.5581395348837;12.6879344092103;2.32558139534884;1.95965990730101;24.6511627906977;11.6023126132016
"44";72.5581395348837;12.6497366040713;1.86046511627907;1.77111002461951;25.1162790697674;11.7487263206717
"45";72.5581395348837;12.6555476427838;1.86046511627907;1.7548692433187;25.1162790697674;11.7568771075913
"46";72.5581395348837;12.6354211229824;1.86046511627907;1.74618621697229;25.1162790697674;11.8429425085165
"47";72.0930232558139;12.9871127349712;1.86046511627907;1.65456000106495;25.5813953488372;12.2947631133229
"48";72.5581395348837;13.2814589414524;1.86046511627907;1.70234040744169;25.1162790697674;12.4420415838444
"49";72.5581395348837;13.2851572410904;1.86046511627907;1.69597451263371;25.5813953488372;12.420107042646
"50";72.5581395348837;13.3010244932094;1.86046511627907;1.72339023840432;25.5813953488372;12.4534467533088
"51";71.6279069767442;14.1886646962003;1.86046511627907;1.70998932667615;26.5116279069767;13.5259485226742
"52";71.6279069767442;14.276356594987;1.86046511627907;1.77580171502374;26.5116279069767;13.7548256544456
"53";73.0232558139535;13.8564504957389;1.3953488372093;1.67203169167054;25.1162790697674;13.1840108266163
"54";73.953488372093;14.0858183682222;1.3953488372093;1.33041291522641;24.6511627906977;13.3400510798738
"55";72.0930232558139;13.8368628592017;1.3953488372093;1.22095540092855;26.046511627907;13.2100765041274
"56";72.0930232558139;13.8489388344045;1.3953488372093;1.35530997780793;26.046511627907;13.2822332328528
"57";71.1627906976744;14.2112285494958;1.3953488372093;1.51589538748283;26.9767441860465;13.722112680622
"58";71.6279069767442;14.9038945968561;1.3953488372093;1.35603532438263;26.5116279069767;14.307104094486
"59";71.6279069767442;14.9200138905539;1.3953488372093;1.3953488372093;26.5116279069767;14.2810391793898
"60";69.7674418604651;14.6746107784459;1.3953488372093;1.4376210314564;28.3720930232558;14.2155621274068
"61";69.7674418604651;14.6746107784459;1.3953488372093;1.30226625398802;28.8372093023256;14.2351147466002
"62";69.7674418604651;14.6746107784459;1.3953488372093;1.30226625398802;28.8372093023256;14.2351147466002
"63";69.7674418604651;14.5634934377376;0.930232558139535;0.815139145939222;28.8372093023256;14.4847640863034
"64";71.6279069767442;14.6774185103722;0.930232558139535;0.641921450551027;26.9767441860465;14.4246763195824
"65";71.6279069767442;14.6774185103722;0.930232558139535;0.731903062762273;27.4418604651163;14.4336006038911
"66";71.6279069767442;16.0728914721036;0.930232558139535;0.480370027436579;26.9767441860465;15.8077963389792
"67";71.6279069767442;16.0728914721036;0.930232558139535;0.294165363736593;26.9767441860465;15.9594311710251
"68";71.6279069767442;16.0728914721036;0.930232558139535;0.294165363736593;26.9767441860465;15.9594311710251
"69";71.6279069767442;16.1094149616187;0.930232558139535;0.416012646976705;27.4418604651163;15.9880972492233
"70";71.6279069767442;16.1094149616187;0.930232558139535;0.480370027436579;27.4418604651163;16.0439274404954
"71";72.5581395348837;17.8794714762606;0.930232558139535;0.416012646976705;26.5116279069767;17.9223733265746
"72";72.5581395348837;17.8794714762606;0.930232558139535;0.416012646976705;26.5116279069767;17.9223733265746
"73";72.5581395348837;17.8794714762606;0.930232558139535;0.416012646976705;26.5116279069767;17.9223733265746
"74";72.5581395348837;17.8794714762606;0.465116279069767;0.25475467790938;26.5116279069767;17.969988802619
"75";72.5581395348837;17.8794714762606;0.465116279069767;0.208006323488353;26.9767441860465;17.8297944019374
"76";72.5581395348837;17.8794714762606;0.465116279069767;0.328886874970487;26.9767441860465;17.6909347555659
"77";66.9767441860465;15.2917661076301;0.465116279069767;0.232558139534884;32.093023255814;15.2687598691915
"78";66.9767441860465;15.2917661076301;0.465116279069767;0.232558139534884;32.093023255814;15.2687598691915
"79";66.9767441860465;15.2917661076301;0.465116279069767;0.379765851594291;32.093023255814;15.068499324575
"80";60.4651162790698;9.33714413948127;0.465116279069767;0.268535008925407;38.6046511627907;9.44464769644529
"81";60.4651162790698;9.33714413948127;0.465116279069767;0.268535008925407;38.6046511627907;9.44464769644529
"82";60.4651162790698;9.33714413948127;0.465116279069767;0.268535008925407;38.6046511627907;9.44464769644529
"83";60.4651162790698;9.33714413948127;0.465116279069767;0.268535008925407;38.6046511627907;9.44464769644529
"84";60.4651162790698;9.33714413948127;0.465116279069767;0.268535008925407;38.6046511627907;9.44464769644529
"85";60.4651162790698;9.33714413948127;0.465116279069767;0.465116279069767;39.0697674418605;9.29069039787822
"86";57.2093023255814;10.5243799990556;0.465116279069767;0;42.3255813953488;10.5243799990556
"87";57.2093023255814;10.5243799990556;0.465116279069767;0;42.3255813953488;10.5243799990556
