"allS";"sdAllS";"allI";"sdAllI";"allR";"sdAllR"
"1";100;0;0;0;0;0
"2";100;0;0;0;0;0
"3";99.21875;0;0.78125;0;0;0
"4";97.65625;1.86262362712272;2.34375;1.86262362712272;0;0
"5";89.84375;10.4486471114544;10.15625;10.4573288052032;0;0.286209022291034
"6";71.09375;26.4540100148843;28.125;26.0852294629522;0;0.729142191005258
"7";56.25;33.8376388256514;40.625;31.1506180819472;3.125;3.17598215745518
"8";46.09375;34.0878406463978;47.65625;29.3263557811143;6.25;5.49087980192406
"9";35.15625;30.9467969733068;54.6875;25.418601742738;9.375;7.44391637066055
"10";28.125;28.2506729422498;58.59375;22.0727594562242;13.28125;9.43477380892928
"11";22.65625;26.7455416903152;58.59375;20.4091749913642;17.96875;10.9870236896041
"12";20.3125;26.8480682835695;56.25;19.8444865564712;22.65625;12.0030615397958
"13";18.75;27.0674183323199;53.125;18.7114117722279;27.34375;12.0084129423465
"14";17.96875;26.6126111585618;50.78125;17.1255237266247;31.25;13.1225400067762
"15";16.40625;24.0962788368431;47.65625;13.939981635333;35.9375;14.3443071930534
"16";14.84375;21.9062203782929;45.3125;12.0110877495258;39.84375;14.8591073603381
"17";14.0625;21.0489289892715;42.1875;11.6290426084924;43.75;15.5871251484915
"18";13.28125;20.6395654186378;39.84375;11.5585958691479;46.875;15.9865650188517
"19";12.5;20.3113533962819;37.5;11.720874259222;49.21875;15.8262126546477
"20";12.5;20.2679721330807;35.15625;11.8495306638333;52.34375;16.3790109089427
"21";12.5;20.3083877416321;32.03125;10.9010199909048;55.46875;16.4533706153257
"22";12.5;20.3148325457292;29.6875;10.4517211019333;57.8125;16.7653372069035
"23";11.71875;20.3399990983866;28.125;9.67274914211482;59.375;16.7319161604549
"24";11.71875;20.3217890577025;25.78125;8.70701377142528;61.71875;16.6248264824493
"25";11.71875;20.3208405826634;23.4375;8.30131940012518;64.0625;17.0792701077549
"26";11.71875;20.3353790052866;21.09375;7.50248382664561;66.40625;17.2849268448574
"27";11.71875;20.3425258848305;19.53125;6.78467030376249;68.75;17.3242819109319
"28";11.71875;20.3860636534593;17.96875;6.76475509479824;69.53125;17.6727169805003
"29";11.71875;20.3860636534593;16.40625;6.56032134105196;71.09375;17.7818060655583
"30";7.03125;3.58013726168425;15.625;4.95044083814351;76.5625;7.32122182228661
"31";7.03125;3.58013726168425;14.84375;4.74915290903922;77.34375;7.09165291219521
"32";7.03125;3.58013726168425;14.0625;4.48077605215941;78.90625;6.8853134032918
"33";7.03125;3.49283447005923;12.5;4.3127324022047;79.6875;6.6110641280611
"34";7.03125;3.37802837518898;11.71875;4.49906014287708;81.25;6.81366136018026
"35";7.03125;3.35097613048001;10.9375;4.63119510112595;82.03125;6.9498106094562
"36";7.03125;3.35363795958389;10.15625;4.08840634902901;82.8125;6.31505117878837
"37";7.03125;3.44706023709237;9.375;3.89297818493654;83.59375;5.96719452114781
"38";7.03125;3.44706023709237;8.59375;3.361079866252;84.375;5.59297862547058
"39";7.03125;3.44706023709237;8.59375;3.27937846932957;84.375;5.56899558728885
"40";7.03125;3.44706023709237;7.8125;3.18159641348555;85.15625;5.3392937799252
"41";7.03125;3.44706023709237;7.03125;3.01749948370127;85.9375;5.22372998377098
"42";7.03125;3.44706023709237;6.25;3.0351906621543;86.71875;5.2723586656375
"43";7.03125;3.44706023709237;6.25;2.98060498496344;86.71875;5.30004236818275
"44";7.03125;3.40853275351701;6.25;2.80922384724029;86.71875;5.02877150095777
"45";7.03125;3.40853275351701;5.46875;2.61032714314224;87.5;4.73334368531886
"46";7.03125;3.3891047724474;4.6875;2.58904601452946;88.28125;4.74915290903922
"47";7.03125;3.3891047724474;3.90625;2.13494860082;89.0625;4.46441624704738
"48";7.03125;3.3891047724474;3.90625;2.12908909547299;89.0625;4.34858488652928
"49";7.03125;3.3891047724474;3.125;1.93222553617864;89.84375;4.15250815381147
"50";7.03125;3.3891047724474;3.125;1.77127671177967;89.84375;4.07660338706608
"51";7.03125;3.3891047724474;3.125;1.62300611480185;89.84375;4.04142927499608
"52";7.03125;3.3891047724474;2.34375;1.54758045155025;90.625;4.10496043285879
"53";7.03125;3.452507347609;2.34375;1.37291996748986;90.625;3.92230157921453
"54";7.03125;3.452507347609;2.34375;1.27029204359519;90.625;3.85666031214523
"55";7.03125;3.452507347609;2.34375;1.25130778197729;90.625;3.91211773344502
"56";7.03125;3.452507347609;1.5625;1.31276257877626;91.40625;4.01949808927755
"57";7.03125;3.43295362788565;1.5625;1.37944218932019;90.625;3.94284330492677
"58";7.03125;3.66438731236205;2.34375;1.27577590769957;90.625;4.11990124997236
"59";7.03125;3.66438731236205;1.5625;1.24580770199784;90.625;4.00325969300555
"60";7.03125;3.63359938822095;1.5625;1.17687235742585;90.625;3.67535308444368
"61";7.03125;3.63359938822095;1.5625;1.21473256564725;90.625;3.73014791623493
"62";7.03125;3.63359938822095;1.5625;1.21473256564725;90.625;3.73014791623493
"63";7.03125;3.63359938822095;1.5625;1.16397866198202;90.625;3.73553830620924
"64";7.03125;3.63359938822095;1.5625;1.26344928134787;90.625;3.8955037623081
"65";7.8125;3.91983905261302;1.5625;1.16990048301192;90.625;4.05892452652504
"66";7.8125;3.91983905261302;1.5625;1.35145507214503;90.625;4.20496133283126
"67";7.8125;3.94597852601579;1.5625;1.11706305153788;89.84375;3.91838393204251
"68";7.8125;3.94597852601579;1.5625;1.11706305153788;89.84375;3.91838393204251
"69";7.8125;3.94597852601579;1.5625;1.07056274953617;89.84375;3.73858941062669
"70";7.8125;3.94597852601579;1.5625;1.07056274953617;89.84375;3.73858941062669
"71";7.8125;3.94597852601579;1.5625;1.02856341969435;90.625;3.84500600526911
"72";7.8125;3.94597852601579;1.5625;0.84384644510519;90.625;3.9157869690275
"73";7.8125;4.17073369219973;0.78125;0.676582346706593;90.625;3.94511911654769
"74";7.03125;3.2732017580473;1.5625;0.590569489076918;91.40625;3.3129185003491
"75";7.03125;3.2732017580473;1.5625;0.590569489076918;91.40625;3.3129185003491
"76";7.03125;3.2732017580473;0.78125;0.715722954150707;91.40625;3.23468230941729
"77";7.03125;3.279300724857;0.78125;0.762421931991042;92.1875;3.37538578042076
"78";6.25;3.5516098169234;1.5625;0.653640645729747;92.1875;3.87224784658945
"79";6.25;3.5516098169234;0.78125;0.913316558164072;92.1875;3.88274176243412
"80";6.25;2.47052942200655;1.5625;0.747989927934639;92.1875;3.21327153105549
"81";6.25;2.47052942200655;1.5625;0.747989927934639;92.1875;3.21327153105549
"82";6.25;2.47052942200655;1.5625;0.747989927934639;92.1875;3.21327153105549
"83";6.25;2.47052942200655;1.5625;0.78125;92.1875;3.15738428463077
"84";6.25;2.47052942200655;1.5625;0.78125;92.1875;3.15738428463077
"85";6.25;2.47052942200655;1.5625;0.78125;92.1875;3.15738428463077
"86";6.25;2.47052942200655;0.78125;0.983051358759212;92.1875;3.33750146301466
"87";7.03125;2.74365983147207;1.5625;0.90210979560879;91.40625;3.52285136939289
"88";7.03125;2.74365983147207;1.5625;0.90210979560879;91.40625;3.52285136939289
"89";7.03125;2.74365983147207;1.5625;0.90210979560879;91.40625;3.52285136939289
"90";7.03125;2.74365983147207;1.5625;0.90210979560879;91.40625;3.52285136939289
"91";7.03125;2.74365983147207;1.5625;0.90210979560879;91.40625;3.52285136939289
"92";7.03125;2.74365983147207;1.5625;0.90210979560879;91.40625;3.52285136939289
"93";7.03125;2.74365983147207;0.78125;1.19337908722808;92.1875;3.58013726168425
"94";6.25;3.86699020961393;1.5625;1.10485434560398;91.40625;4.97184455521791
"95";6.25;3.86699020961393;1.5625;1.10485434560398;91.40625;4.97184455521791
"96";6.25;3.86699020961393;1.5625;0.55242717280199;92.1875;4.41941738241592
"97";6.25;3.86699020961393;0.78125;0;92.1875;3.86699020961393
"98";6.25;3.86699020961393;0.78125;0;92.1875;3.86699020961393
"99";6.25;3.86699020961393;0.78125;0;92.1875;3.86699020961393
"100";6.25;3.86699020961393;0.78125;0;92.1875;3.86699020961393
"101";6.25;3.86699020961393;0.78125;0;92.1875;3.86699020961393
"102";6.25;3.86699020961393;0.78125;0;92.1875;3.86699020961393
"103";6.25;3.86699020961393;0.78125;0;92.1875;3.86699020961393
"104";6.25;3.86699020961393;0.78125;0;92.1875;3.86699020961393
"105";6.25;3.86699020961393;0;0.55242717280199;92.96875;4.41941738241592
"106";9.375;NA;0.78125;NA;89.84375;NA
"107";9.375;NA;0.78125;NA;89.84375;NA
"108";9.375;NA;0.78125;NA;89.84375;NA
"109";9.375;NA;0.78125;NA;89.84375;NA
"110";9.375;NA;0.78125;NA;89.84375;NA
"111";9.375;NA;0.78125;NA;89.84375;NA
"112";9.375;NA;0.78125;NA;89.84375;NA
"113";9.375;NA;0.78125;NA;89.84375;NA
"114";9.375;NA;0.78125;NA;89.84375;NA
"115";9.375;NA;0.78125;NA;89.84375;NA
"116";9.375;NA;0.78125;NA;89.84375;NA
"117";9.375;NA;0.78125;NA;89.84375;NA
"118";9.375;NA;0.78125;NA;89.84375;NA
"119";9.375;NA;0.78125;NA;89.84375;NA
"120";9.375;NA;0.78125;NA;89.84375;NA
"121";9.375;NA;0.78125;NA;89.84375;NA
"122";9.375;NA;0.78125;NA;89.84375;NA
