"allS";"sdAllS";"allI";"sdAllI";"allR";"sdAllR"
"1";100;0;0;0;0;0
"2";100;0;0;0;0;0
"3";99.0697674418605;0;0.930232558139535;0;0;0
"4";98.6046511627907;0.381759386822383;1.3953488372093;0.532991170497611;0;0.319224530768958
"5";97.2093023255814;1.06527002394876;2.7906976744186;1.05212541478806;0;0.348497046169933
"6";95.3488372093023;1.8635225795024;4.18604651162791;1.95625819579549;0.465116279069767;0.565748935509195
"7";93.0232558139535;2.76153216924105;5.58139534883721;2.69193760594242;0.930232558139535;0.591975004393833
"8";90.2325581395349;4.25171752293267;7.90697674418605;3.99649411954201;1.3953488372093;0.757029120756849
"9";86.9767441860465;5.83407371231838;10.6976744186047;5.07942663996134;2.32558139534884;1.36371039908924
"10";83.2558139534884;7.32353572926071;13.0232558139535;6.18888956488027;3.25581395348837;1.68677910522923
"11";79.5348837209302;9.19095579342537;15.3488372093023;7.36049632291429;4.65116279069767;2.24700660378603
"12";75.8139534883721;11.1727594999594;17.6744186046512;8.80616132526541;6.51162790697674;3.05929000889345
"13";73.0232558139535;12.8487856711497;18.6046511627907;9.3775686701866;8.37209302325581;4.02598312206113
"14";70.2325581395349;14.3013000243751;19.0697674418605;9.81685930981008;10.2325581395349;5.10761726137198
"15";67.906976744186;15.4701796202036;19.5348837209302;10.3065337808103;12.5581395348837;5.9951368587418
"16";66.5116279069767;16.2364657869251;19.0697674418605;10.4395929141045;14.4186046511628;6.82569150260883
"17";64.6511627906977;17.2130510764768;19.0697674418605;10.8773980501503;16.2790697674419;7.42969561971654
"18";63.2558139534884;17.6583061260484;19.0697674418605;10.5369941946339;17.6744186046512;8.3171353016131
"19";61.8604651162791;18.3020059725212;18.1395348837209;10.6702028429198;19.5348837209302;8.9173713997516
"20";61.3953488372093;18.7227990684269;17.2093023255814;9.89560568963525;21.3953488372093;9.65364076600922
"21";60.9302325581395;18.8124529856569;15.8139534883721;9.33328182529762;23.2558139534884;10.234288888408
"22";60.4651162790698;18.9531817462989;14.4186046511628;8.39359856349716;24.6511627906977;11.1483314486851
"23";60;19.139001208618;13.4883720930233;7.71160457878068;26.5116279069767;11.9711609875944
"24";60;19.1648622584502;12.093023255814;6.9287984883493;27.906976744186;12.8233082057378
"25";60;19.252424851433;11.1627906976744;6.36653251018376;28.8372093023256;13.4746245074024
"26";59.5348837209302;19.2617864673858;10.2325581395349;5.88706915234148;29.7674418604651;13.9955393383436
"27";59.5348837209302;19.2512091498747;9.30232558139535;5.35513084756501;31.1627906976744;14.5532292764296
"28";59.5348837209302;19.2703885723309;8.37209302325581;4.78258500610566;32.093023255814;15.0902809207574
"29";59.5348837209302;19.2949917166939;7.44186046511628;4.20459194868816;33.0232558139535;15.7514303898272
"30";59.5348837209302;19.3404740841856;6.97674418604651;3.86059783582747;33.4883720930233;16.0795214686782
"31";59.5348837209302;19.3698219695261;6.04651162790698;3.64987230544603;33.953488372093;16.447190008489
"32";59.5348837209302;19.4251937799291;5.58139534883721;3.63545926052398;34.8837209302326;16.6801061637607
"33";59.5348837209302;19.4555518408863;5.11627906976744;3.4757011817542;35.3488372093023;16.8038060925595
"34";57.6744186046512;18.4803569606393;5.11627906976744;3.23030854022335;37.2093023255814;16.1658932527714
"35";57.6744186046512;18.4654505202221;4.18604651162791;2.88437788240294;38.1395348837209;16.3803550088496
"36";57.6744186046512;18.4654505202221;3.72093023255814;2.83842254141345;38.1395348837209;16.3958851362043
"37";55.8139534883721;17.6198397705335;3.72093023255814;2.35953328463206;40;15.950365222568
"38";55.8139534883721;17.6198397705335;3.25581395348837;2.20154878197536;40.4651162790698;16.0912064163457
"39";55.8139534883721;17.6464967725636;2.7906976744186;2.09378311180407;40.9302325581395;16.1747192939151
"40";55.8139534883721;17.6464967725636;2.7906976744186;1.84759570805496;40.9302325581395;16.3222507232627
"41";55.8139534883721;17.6464967725636;2.7906976744186;1.64249860681846;41.3953488372093;16.434038621882
"42";55.8139534883721;17.6464967725636;2.32558139534884;1.57324689116143;41.8604651162791;16.5712973589905
"43";53.953488372093;16.6005629779361;2.32558139534884;1.38725040063359;43.2558139534884;15.6911556950165
"44";53.953488372093;16.6005629779361;1.86046511627907;1.15032073187904;43.7209302325581;15.8351146607384
"45";53.953488372093;16.6005629779361;1.86046511627907;1.07414003570163;43.7209302325581;15.8594591510754
"46";53.953488372093;16.6005629779361;1.86046511627907;1.03263844928275;44.1860465116279;15.9817815874129
"47";53.953488372093;16.6005629779361;1.3953488372093;0.988486085537679;44.1860465116279;16.0187097656564
"48";53.953488372093;16.6005629779361;1.3953488372093;1.02563149168372;44.1860465116279;16.0590895542138
"49";53.953488372093;16.6005629779361;1.3953488372093;1.05892721342817;44.1860465116279;16.093040059139
"50";55.3488372093023;16.569968524746;1.3953488372093;1.11830749628012;43.2558139534884;15.9703683996704
"51";53.4883720930233;16.0341919470528;1.3953488372093;1.07155485737903;45.1162790697674;15.5583717258434
"52";53.4883720930233;16.0341919470528;1.3953488372093;0.92124459317236;45.1162790697674;15.6594755976235
"53";53.4883720930233;16.0341919470528;1.3953488372093;0.922748666979021;45.1162790697674;15.6522122663751
"54";53.4883720930233;16.0341919470528;0.930232558139535;0.735413409341484;45.5813953488372;15.6449455630487
"55";52.093023255814;16.1492355994415;0.930232558139535;0.727571762767921;46.5116279069767;15.8075267793392
"56";52.093023255814;16.1492355994415;0.930232558139535;0.682234605230779;46.9767441860465;15.8666679337057
"57";52.093023255814;16.1492355994415;0.930232558139535;0.718505093782936;46.9767441860465;15.8683721473486
"58";52.093023255814;16.9374563498225;0.930232558139535;0.703988342943507;46.9767441860465;16.6405058790682
"59";52.093023255814;16.9374563498225;0.930232558139535;0.666683055340457;46.9767441860465;16.6341226425773
"60";50.2325581395349;15.3284650645622;0.930232558139535;0.634523470687787;48.8372093023256;15.0279670375488
"61";50.2325581395349;15.3284650645622;0.930232558139535;0.615291002573161;48.8372093023256;15.0519402002479
"62";50.2325581395349;15.3284650645622;0.465116279069767;0.525762014195757;48.8372093023256;15.1609358260527
"63";52.093023255814;15.1960583217784;0.930232558139535;0.351594858613235;46.9767441860465;14.9562187821521
"64";52.093023255814;15.1960583217784;0.465116279069767;0.328886874970487;46.9767441860465;15.0607207987834
"65";52.093023255814;15.1960583217784;0.465116279069767;0.388150214137805;46.9767441860465;15.1112948593545
"66";53.4883720930233;15.6739289663296;0.465116279069767;0.418481586438343;45.5813953488372;15.5027685097266
"67";53.4883720930233;17.1662986688273;0.465116279069767;0.457298641976826;45.5813953488372;16.8129509602803
"68";47.4418604651163;8.85799269661612;0.465116279069767;0.416012646976705;51.6279069767442;8.57253591961114
"69";47.4418604651163;8.85799269661612;0.465116279069767;0.416012646976705;51.6279069767442;8.57253591961114
"70";47.4418604651163;8.85799269661612;0.465116279069767;0.416012646976705;51.6279069767442;8.57253591961114
"71";47.4418604651163;8.85799269661612;0.465116279069767;0.509509355818759;52.093023255814;8.50031017790561
"72";46.046511627907;9.54999747516902;0.465116279069767;0.379765851594291;53.4883720930233;9.22741152708466
"73";42.3255813953488;8.08731867022944;0.465116279069767;0.268535008925407;56.7441860465116;7.9115353935957
"74";42.3255813953488;8.08731867022944;0.465116279069767;0.268535008925407;56.7441860465116;7.9115353935957
"75";42.3255813953488;8.08731867022944;0.465116279069767;0.465116279069767;56.7441860465116;7.64735656132622
