"allS";"sdAllS";"allI";"sdAllI";"allR";"sdAllR"
"1";100;0;0;0;0;0
"2";100;0;0;0;0;0
"3";98.5714285714286;0;1.42857142857143;0;0;0
"4";95.7142857142857;2.64636020631512;4.28571428571429;2.64636020631512;0;0
"5";87.1428571428571;7.9620474618767;11.4285714285714;7.4284991320947;0;1.08450664930893
"6";71.4285714285714;16.185020457758;27.1428571428571;14.9361332792727;1.42857142857143;2.09725922112683
"7";47.1428571428571;22.5518855149469;47.1428571428571;20.2002594872253;4.28571428571429;3.89165843446843
"8";28.5714285714286;26.3353364568275;61.4285714285714;22.6636547355468;8.57142857142857;7.14248119311384
"9";17.1428571428571;25.7918629288482;67.1428571428571;20.8533058577941;15.7142857142857;8.78768545648183
"10";10;20.0942997084587;67.1428571428571;14.655917520488;21.4285714285714;9.93507387005437
"11";7.14285714285714;14.4286086502907;64.2857142857143;10.579350821405;28.5714285714286;11.4201096493802
"12";2.85714285714286;5.99677679267634;60;8.47185268182311;35.7142857142857;11.3256645143554
"13";2.85714285714286;3.33825272511133;54.2857142857143;9.12115610664594;41.4285714285714;10.868810509455
"14";1.42857142857143;1.53021835246799;50;9.97176464952738;47.1428571428571;10.3044420150572
"15";1.42857142857143;1.0467072815215;45.7142857142857;8.11140211390675;52.8571428571429;8.3746202440474
"16";1.42857142857143;0.864007598327571;41.4285714285714;8.7238946160388;57.1428571428571;9.01842010451527
"17";1.42857142857143;0.864007598327571;37.1428571428571;8.44391365220199;61.4285714285714;8.71403919286457
"18";0;0.854632916594456;32.8571428571429;8.3412064491207;65.7142857142857;8.34635573980275
"19";0;0.854632916594456;30;7.63668853726878;68.5714285714286;7.66196403041917
"20";0;0.854632916594456;27.1428571428571;7.39952389097462;71.4285714285714;7.3616855819811
"21";0;0.838775640874857;24.2857142857143;5.83702762666929;74.2857142857143;5.71945255130013
"22";0;0.816057957967828;21.4285714285714;5.72320732114575;77.1428571428572;5.55946276256781
"23";0;0.816057957967828;20;4.87160606472228;80;4.68732321542756
"24";0;0.785885148885972;17.1428571428571;4.30509402759872;81.4285714285714;4.2580561164034
"25";0;0.785885148885972;15.7142857142857;4.17848306570667;82.8571428571429;4.0512294085537
"26";0;0.785885148885972;14.2857142857143;4.01059284827436;84.2857142857143;3.89165843446843
"27";0;0.785885148885972;12.8571428571429;3.69267862165024;85.7142857142857;3.65246411240053
"28";0;0.785885148885972;11.4285714285714;3.07007314033448;88.5714285714286;2.9313667202433
"29";0;0.785885148885972;10;3.12555043487467;88.5714285714286;2.8420654808848
"30";0;0.785885148885972;8.57142857142857;3.2278327719798;90;2.96325509758474
"31";0;0.785885148885972;8.57142857142857;3.22033682715702;90;3.00017901363503
"32";0;0.785885148885972;7.14285714285714;3.2969731911885;91.4285714285714;3.09099381263235
"33";0;0.785885148885972;7.14285714285714;3.2601160417691;92.8571428571429;3.12984318574381
"34";0;0.785885148885972;5.71428571428571;3.2601160417691;92.8571428571429;3.18090435633761
"35";0;0.785885148885972;5.71428571428571;3.12297195202009;94.2857142857143;3.01357472996128
"36";0;0.785885148885972;4.28571428571429;3.21449456297274;94.2857142857143;3.09099381263235
"37";0;0.785885148885972;4.28571428571429;3.05604646210062;94.2857142857143;2.93502864137155
"38";0;0.785885148885972;4.28571428571429;2.65749856136405;95.7142857142857;2.49596882296208
"39";0;0.785885148885972;2.85714285714286;2.63823004821897;95.7142857142857;2.50777523460188
"40";0;0.783312686504738;2.85714285714286;2.41156787115192;95.7142857142857;2.34993805951421
"41";0;0.803279592197696;2.85714285714286;2.02401547806883;95.7142857142857;1.95231263117461
"42";0;0.803279592197696;2.85714285714286;1.83748484081259;95.7142857142857;1.7539186104825
"43";0;0.803279592197696;2.85714285714286;1.78361220813371;95.7142857142857;1.73239732168809
"44";0;0.803279592197696;2.85714285714286;1.83748484081259;95.7142857142857;1.71060529292624
"45";0;0.502665393249283;2.85714285714286;1.57111932640512;97.1428571428571;1.51442689625517
"46";0;0.518766456573259;2.85714285714286;1.33944923125284;97.1428571428571;1.30553361923339
"47";0;0.536476868713436;2.85714285714286;1.22121487752159;97.1428571428571;1.14377252717919
"48";0;0.536476868713436;2.85714285714286;1.38202560292406;97.1428571428571;1.22121487752159
"49";0;0.412393049421161;1.42857142857143;1.53298105711046;97.1428571428571;1.42314988556517
"50";0;0;2.85714285714286;1.19047619047619;97.1428571428571;1.19047619047619
"51";0;0;2.85714285714286;1.19047619047619;97.1428571428571;1.19047619047619
"52";0;0;2.85714285714286;1.0378330817954;97.1428571428571;1.0378330817954
"53";0;0;2.85714285714286;1.0378330817954;97.1428571428571;1.0378330817954
"54";0;0;1.42857142857143;1.0378330817954;97.1428571428571;1.0378330817954
"55";0;0;1.42857142857143;1.23717914826348;97.1428571428571;1.23717914826348
"56";0;0;1.42857142857143;0.91552849208808;97.1428571428571;0.91552849208808
"57";0;0;1.42857142857143;0.539949247156039;97.1428571428571;0.539949247156039
"58";0;0;1.42857142857143;0.539949247156039;97.1428571428571;0.539949247156039
"59";0;0;1.42857142857143;0.539949247156039;97.1428571428571;0.539949247156039
"60";0;0;1.42857142857143;0.539949247156039;97.1428571428571;0.539949247156039
"61";0;0;1.42857142857143;0.539949247156039;98.5714285714286;0.539949247156039
"62";0;0;1.42857142857143;0;98.5714285714286;0
"63";0;0;1.42857142857143;0;98.5714285714286;0
"64";0;0;1.42857142857143;0;98.5714285714286;0
"65";0;0;1.42857142857143;0.583211843519804;98.5714285714286;0.583211843519804
"66";0;0;1.42857142857143;0;98.5714285714286;0
"67";0;0;1.42857142857143;0;98.5714285714286;0
"68";0;0;1.42857142857143;0.63887656499994;98.5714285714286;0.63887656499994
"69";0;0;1.42857142857143;0;98.5714285714286;0
"70";0;0;1.42857142857143;0.714285714285714;98.5714285714286;0.714285714285714
"71";0;0;1.42857142857143;0;98.5714285714286;0
"72";0;0;1.42857142857143;0;98.5714285714286;0
"73";0;0;1.42857142857143;0.824786098842322;98.5714285714286;0.824786098842322
"74";0;0;1.42857142857143;0;98.5714285714286;0
"75";0;0;1.42857142857143;0;98.5714285714286;0
"76";0;0;1.42857142857143;0;98.5714285714286;0
"77";0;0;1.42857142857143;0;98.5714285714286;0
"78";0;0;1.42857142857143;0;98.5714285714286;0
"79";0;0;0;1.01015254455221;98.5714285714286;1.01015254455221
"80";0;NA;1.42857142857143;NA;98.5714285714286;NA
"81";0;NA;1.42857142857143;NA;98.5714285714286;NA
"82";0;NA;1.42857142857143;NA;98.5714285714286;NA
"83";0;NA;1.42857142857143;NA;98.5714285714286;NA
