"allS";"sdAllS";"allI";"sdAllI";"allR";"sdAllR"
"1";100;0;0;0;0;0
"2";100;0;0;0;0;0
"3";98.3333333333333;0;1.66666666666667;0;0;0
"4";95;3.54173116556336;5;3.65148371670111;0;0.512989176042577
"5";86.6666666666667;8.77721332110656;13.3333333333333;8.70403549614365;0;0.978571581020666
"6";70;17.4968668874514;28.3333333333333;16.7244611972757;1.66666666666667;1.91942973987479
"7";50;22.5901378367946;46.6666666666667;21.227671447611;3.33333333333333;2.67515097677458
"8";30;18.9372231610823;61.6666666666667;16.0809356452935;6.66666666666667;5.05741884562837
"9";16.6666666666667;13.0996517966312;71.6666666666667;10.0332051049683;11.6666666666667;6.31530212544677
"10";10;6.67269464318349;71.6666666666667;5.45783947143065;18.3333333333333;7.0066801876111
"11";5;3.70316760252593;70;6.53152499141282;25;6.90368153331614
"12";3.33333333333333;2.81495588032693;65;7.75115535625013;30;7.41964753816805
"13";3.33333333333333;2.16970097920918;61.6666666666667;7.63331801116979;35;7.0145004365435
"14";1.66666666666667;1.90413523525826;56.6666666666667;8.39277048960759;40;7.86397515657049
"15";1.66666666666667;2.01420394793071;51.6666666666667;8.067696034076;45;7.95592757795915
"16";1.66666666666667;2.11337982128292;46.6666666666667;7.02751484610888;50;6.94327475529273
"17";1.66666666666667;1.83173774266262;43.3333333333333;7.00876644050463;53.3333333333333;7.01866767317222
"18";1.66666666666667;1.83173774266262;40;7.19201961891306;58.3333333333333;7.14255429600259
"19";1.66666666666667;1.87317162316339;36.6666666666667;6.37234063325234;60;6.3262887876354
"20";1.66666666666667;1.87317162316339;35;6.1033975774403;63.3333333333333;6.05530070819498
"21";1.66666666666667;1.87317162316339;33.3333333333333;6.00925212577332;65;5.86146100782039
"22";1.66666666666667;1.87317162316339;30;6.37291417545532;68.3333333333333;6.39581368932351
"23";1.66666666666667;1.87317162316339;26.6666666666667;6.90950273682379;70;6.67269464318349
"24";1.66666666666667;1.87317162316339;25;7.07675132788521;73.3333333333333;6.88831114347753
"25";1.66666666666667;1.87317162316339;23.3333333333333;6.8925546745398;75;6.69893506418386
"26";1.66666666666667;1.87317162316339;21.6666666666667;6.6248689714506;76.6666666666667;6.44590626695263
"27";1.66666666666667;1.87317162316339;20;6.12909369105125;78.3333333333333;6.00864387109027
"28";1.66666666666667;1.87317162316339;18.3333333333333;6.29210960448511;80;6.40723275517187
"29";1.66666666666667;1.87317162316339;16.6666666666667;5.84585123041864;81.6666666666667;6.11476498953091
"30";1.66666666666667;1.87317162316339;15;5.43098646979421;81.6666666666667;5.7194395096105
"31";1.66666666666667;1.87317162316339;15;4.94043467084042;83.3333333333333;5.33867605200991
"32";1.66666666666667;1.87317162316339;13.3333333333333;4.92338969429308;85;5.32290647422377
"33";1.66666666666667;1.87317162316339;11.6666666666667;4.94043467084042;85;5.50053160641918
"34";1.66666666666667;1.87317162316339;10;4.30133258285198;86.6666666666667;5.02260969886517
"35";1.66666666666667;1.87317162316339;10;3.93198757828525;88.3333333333333;4.71016693065329
"36";1.66666666666667;1.83173774266262;8.33333333333333;4.29538035541217;88.3333333333333;5.01095291564459
"37";1.66666666666667;1.83173774266262;8.33333333333333;4.445906192369;90;5.18305268039206
"38";1.66666666666667;1.83173774266262;6.66666666666667;3.98370217774066;90;4.68604997065603
"39";1.66666666666667;1.83173774266262;6.66666666666667;3.49916447838389;91.6666666666667;4.46231786202579
"40";1.66666666666667;1.83173774266262;5;3.28362052355172;91.6666666666667;4.37964456887858
"41";1.66666666666667;1.84256932797522;5;3.10630372098698;91.6666666666667;4.12995523152793
"42";1.66666666666667;1.84256932797522;5;3.19142369252113;93.3333333333333;4.19435246403931
"43";1.66666666666667;1.8959881966484;5;2.95972726373086;93.3333333333333;3.86899674366226
"44";1.66666666666667;1.8959881966484;3.33333333333333;2.69652402734805;93.3333333333333;3.71580267808769
"45";1.66666666666667;1.8959881966484;3.33333333333333;2.69652402734805;93.3333333333333;3.71580267808769
"46";1.66666666666667;1.8959881966484;3.33333333333333;2.55654996282457;93.3333333333333;3.52396093247283
"47";1.66666666666667;1.8959881966484;3.33333333333333;2.34930728831522;93.3333333333333;3.32788225309829
"48";1.66666666666667;1.90673042537027;3.33333333333333;2.24154183630856;95;3.22748612183951
"49";1.66666666666667;1.91070501407037;3.33333333333333;2.08927723509336;93.3333333333333;2.90046520625544
"50";1.66666666666667;1.91070501407037;3.33333333333333;2.07657634392991;93.3333333333333;2.84985843888659
"51";1.66666666666667;1.94553431866513;3.33333333333333;1.2104550653376;95;2.34403615469248
"52";1.66666666666667;1.94553431866513;3.33333333333333;1.25988157669742;95;2.30463778311372
"53";1.66666666666667;2.02371974231651;3.33333333333333;1.05070861992686;95;2.24084080678827
"54";1.66666666666667;2.02371974231651;3.33333333333333;1.27991274631384;95;2.46774058396412
"55";1.66666666666667;2.02571847835166;3.33333333333333;1.3216024351646;95;1.98902713813285
"56";1.66666666666667;1.49071198499986;3.33333333333333;1.36699922044121;95;2.28079376577984
"57";1.66666666666667;1.57134840263677;3.33333333333333;1.1653431646335;95;2.3830678432808
"58";1.66666666666667;1.57134840263677;1.66666666666667;1.65738154335292;95;2.2838671990105
"59";1.66666666666667;1.15010926557059;1.66666666666667;1.31132632078241;95;2.08927723509336
"60";1.66666666666667;1.15010926557059;1.66666666666667;1.15010926557059;96.6666666666667;2.15165741455968
"61";1.66666666666667;1.05409255338946;1.66666666666667;1.05409255338946;96.6666666666667;1.82574185835055
"62";1.66666666666667;1.17851130197758;1.66666666666667;1.17851130197758;96.6666666666667;2.35702260395516
"63";1.66666666666667;0.833333333333333;1.66666666666667;1.36082763487954;95;2.09717623201965
"64";1.66666666666667;0.962250448649376;1.66666666666667;0.962250448649376;95;1.92450089729875
"65";1.66666666666667;0.962250448649376;1.66666666666667;1.66666666666667;95;2.54587538608658
"66";3.33333333333333;1.17851130197758;1.66666666666667;0;95;1.17851130197758
"67";3.33333333333333;1.17851130197758;0;1.17851130197758;96.6666666666667;2.35702260395516
"68";3.33333333333333;NA;1.66666666666667;NA;95;NA
"69";3.33333333333333;NA;1.66666666666667;NA;95;NA
