"allS";"sdAllS";"allI";"sdAllI";"allR";"sdAllR"
"1";100;0;0;0;0;0
"2";100;0;0;0;0;0
"3";98.3333333333333;0;1.66666666666667;0;0;0
"4";95;2.65457786205848;5;2.83436513720342;0;0.610579247554205
"5";88.3333333333333;7.50460114440349;11.6666666666667;7.56281900610072;0;0.825991046305587
"6";78.3333333333333;14.4483800306495;21.6666666666667;13.8478927116586;0;1.45876838400777
"7";63.3333333333333;19.4461152164397;33.3333333333333;17.9577874821499;3.33333333333333;2.65824694171157
"8";46.6666666666667;21.8622154695531;46.6666666666667;19.276214608751;6.66666666666667;5.82392725357819
"9";35;20.8314813991696;53.3333333333333;16.5860623985001;11.6666666666667;7.03421509027996
"10";25;19.8643057586933;56.6666666666667;15.0394758870702;16.6666666666667;8.20366960157306
"11";18.3333333333333;16.1418339855933;58.3333333333333;11.4700785984199;23.3333333333333;9.96256801901314
"12";13.3333333333333;11.5723000589758;58.3333333333333;8.39257693609836;28.3333333333333;10.8064969748803
"13";10;8.70422212383316;55;7.49593782129113;33.3333333333333;10.1563476216131
"14";8.33333333333333;6.49886279850669;51.6666666666667;7.07566090608925;38.3333333333333;9.66881739870697
"15";6.66666666666667;5.75518524853582;48.3333333333333;7.3149690313647;45;9.66209477150888
"16";6.66666666666667;4.6759862385858;43.3333333333333;7.3293893346031;50;9.06621372564305
"17";6.66666666666667;4.71576786289488;40;7.68427505825307;53.3333333333333;9.45819432534754
"18";6.66666666666667;4.59362215712363;35;6.90250493654009;58.3333333333333;8.8366520669927
"19";5;4.03847641418001;33.3333333333333;6.52256541930572;61.6666666666667;8.40708108356753
"20";5;3.9386952583161;30;5.99301087411261;65;8.14704050596583
"21";5;3.66303204581682;26.6666666666667;5.3241270444013;68.3333333333333;7.4032639483554
"22";5;3.49044923576413;23.3333333333333;5.50709861476046;70;7.32606409163364
"23";5;3.49044923576413;20;5.22868829502675;73.3333333333333;6.76463109992915
"24";5;3.62514143480667;18.3333333333333;5.6382730917179;76.6666666666667;6.27504727660173
"25";5;3.67852062249357;16.6666666666667;4.98698761619483;78.3333333333333;5.73256035407613
"26";5;3.67852062249357;15;5.00973710756758;78.3333333333333;5.83368141540145
"27";5;3.67852062249357;13.3333333333333;4.74837956697027;80;5.75941752162786
"28";5;3.67852062249357;13.3333333333333;4.4169471020609;81.6666666666667;5.69845458570717
"29";5;3.7701160696572;11.6666666666667;4.29953833446553;83.3333333333333;5.56432057108537
"30";5;3.7701160696572;11.6666666666667;3.97564057715237;83.3333333333333;5.27200361269487
"31";5;3.57096441799605;10;3.62065764652947;85;5.09812741934582
"32";5;3.57096441799605;8.33333333333333;3.25442668490679;86.6666666666667;4.64811125852264
"33";5;3.57096441799605;8.33333333333333;3.25193000123672;86.6666666666667;4.65858392202443
"34";5;3.57096441799605;6.66666666666667;3.05887645160749;88.3333333333333;4.37444881889545
"35";5;3.57096441799605;6.66666666666667;2.91196362678909;88.3333333333333;3.81721758581639
"36";5;3.57096441799605;6.66666666666667;2.47469322597833;88.3333333333333;3.47178359802666
"37";5;3.57096441799605;5;2.3707662924707;90;3.74634324632678
"38";5;3.57096441799605;5;2.27995189352256;90;3.69614237902572
"39";5;3.44123600805843;5;2.03925096773833;90;3.82147075436222
"40";3.33333333333333;3.35034644664408;5;1.76143806805018;90;3.25193000123672
"41";3.33333333333333;3.35034644664408;3.33333333333333;1.62721334245339;91.6666666666667;3.24192403905208
"42";3.33333333333333;3.35034644664408;3.33333333333333;1.41352420646454;91.6666666666667;3.30150496330719
"43";3.33333333333333;3.35034644664408;3.33333333333333;1.77521745458018;91.6666666666667;3.63855964762044
"44";5;3.48940194387605;3.33333333333333;1.74470097193802;91.6666666666667;3.59880381361486
"45";5;3.65022955773686;3.33333333333333;1.4876372921733;91.6666666666667;3.6229495063778
"46";5;3.79777262656375;3.33333333333333;1.08407272597998;91.6666666666667;3.82114375562339
"47";5;3.49501068883912;1.66666666666667;1.29375004301031;91.6666666666667;3.9584739066357
"48";5;3.63241578628389;1.66666666666667;1.29749824026921;91.6666666666667;4.34952298170158
"49";5;3.68589996959475;1.66666666666667;1.34839972492648;91.6666666666667;4.28763785595733
"50";5;3.88491860823269;1.66666666666667;1.1653431646335;91.6666666666667;4.65143015309655
"51";5;3.88491860823269;1.66666666666667;1.37212100391427;91.6666666666667;4.83045891539648
"52";5;3.94796400098664;1.66666666666667;1.44337567297406;91.6666666666667;4.79518791712002
"53";5;4.2198980654205;1.66666666666667;0.771516749810459;91.6666666666667;4.26665736606129
"54";5;4.2198980654205;1.66666666666667;1.25988157669742;91.6666666666667;3.92766944912467
"55";3.33333333333333;3.75154289247425;1.66666666666667;0.86066296582387;93.3333333333333;4.03686713879666
"56";3.33333333333333;3.75154289247425;1.66666666666667;0.680413817439772;93.3333333333333;3.90867979985286
"57";3.33333333333333;3.23465036177992;1.66666666666667;0.86066296582387;93.3333333333333;3.90867979985286
"58";3.33333333333333;3.23465036177992;1.66666666666667;0.86066296582387;93.3333333333333;3.90867979985286
"59";3.33333333333333;3.23465036177992;1.66666666666667;1.25462108784847;93.3333333333333;3.89681731483337
"60";3.33333333333333;3.53553390593274;1.66666666666667;0.912870929175277;93.3333333333333;4.34613493680177
"61";3.33333333333333;3.53553390593274;1.66666666666667;1.39443337755679;93.3333333333333;4.77260702109212
"62";3.33333333333333;3.46944333244355;1.66666666666667;0.833333333333333;93.3333333333333;4.16666666666667
"63";3.33333333333333;3.46944333244355;1.66666666666667;0.833333333333333;93.3333333333333;4.16666666666667
"64";3.33333333333333;3.46944333244355;1.66666666666667;0.833333333333333;93.3333333333333;4.16666666666667
"65";3.33333333333333;3.46944333244355;1.66666666666667;1.59571184626056;93.3333333333333;4.97679801865803
"66";6.66666666666667;2.35702260395516;3.33333333333333;1.17851130197758;90;3.53553390593274
"67";6.66666666666667;2.35702260395516;3.33333333333333;1.17851130197758;90;3.53553390593274
"68";6.66666666666667;2.35702260395516;3.33333333333333;1.17851130197758;90;3.53553390593274
"69";6.66666666666667;2.35702260395516;3.33333333333333;1.17851130197758;90;3.53553390593274
"70";6.66666666666667;2.35702260395516;3.33333333333333;1.17851130197758;90;3.53553390593274
"71";6.66666666666667;2.35702260395516;3.33333333333333;1.17851130197758;90;3.53553390593274
"72";6.66666666666667;2.35702260395516;3.33333333333333;1.17851130197758;90;3.53553390593274
"73";6.66666666666667;2.35702260395516;1.66666666666667;2.35702260395516;91.6666666666667;4.71404520791032
"74";8.33333333333333;NA;3.33333333333333;NA;88.3333333333333;NA
"75";8.33333333333333;NA;3.33333333333333;NA;88.3333333333333;NA
"76";8.33333333333333;NA;3.33333333333333;NA;88.3333333333333;NA
"77";8.33333333333333;NA;3.33333333333333;NA;88.3333333333333;NA
"78";8.33333333333333;NA;3.33333333333333;NA;88.3333333333333;NA
"79";8.33333333333333;NA;1.66666666666667;NA;90;NA
