"allS";"sdAllS";"allI";"sdAllI";"allR";"sdAllR"
"1";100;0;0;0;0;0
"2";100;0;0;0;0;0
"3";98.3333333333333;0;1.66666666666667;0;0;0
"4";96.6666666666667;2.08552516280153;3.33333333333333;1.91942973987479;0;0.372677996249965
"5";91.6666666666667;5.65258829085976;8.33333333333333;5.61691263972827;0;0.916866007033635
"6";80;12.1624001170898;18.3333333333333;11.9587497635176;0;1.1342617456312
"7";63.3333333333333;17.8402593535287;33.3333333333333;16.4226780238877;1.66666666666667;2.28351153955198
"8";50;21.4151695459005;43.3333333333333;18.787135631521;5;4.71059800802853
"9";36.6666666666667;22.1691617995085;51.6666666666667;18.1391452387785;10;6.12571354796606
"10";26.6666666666667;21.499202880489;58.3333333333333;16.4981736441717;13.3333333333333;8.23824896072711
"11";20;17.2264661814899;58.3333333333333;11.5181299019956;20;9.322396822766
"12";13.3333333333333;13.5897612722225;58.3333333333333;7.86810539590807;26.6666666666667;9.60729904456887
"13";10;9.73411970440846;56.6666666666667;6.1666798377184;31.6666666666667;10.2169449891971
"14";8.33333333333333;6.61775429166476;53.3333333333333;5.88635055080969;38.3333333333333;9.49077045590366
"15";6.66666666666667;4.88995203751272;50;7.66946300388959;41.6666666666667;10.0348644994871
"16";5;3.39130869412818;48.3333333333333;9.21901585915254;46.6666666666667;10.687084503207
"17";5;2.42496223586144;43.3333333333333;8.73589088036728;51.6666666666667;9.44874343162344
"18";3.33333333333333;2.26206964179432;38.3333333333333;8.62454149792224;56.6666666666667;8.39934865508985
"19";3.33333333333333;2.3878346647046;33.3333333333333;6.90250493654009;61.6666666666667;6.94707552496571
"20";3.33333333333333;2.37418978348514;31.6666666666667;6.48635294513911;65;6.67397260493209
"21";3.33333333333333;2.37418978348514;28.3333333333333;6.32404160914553;68.3333333333333;6.55486169387737
"22";3.33333333333333;2.37418978348514;25;6.92717150092654;71.6666666666667;7.36145591159803
"23";3.33333333333333;2.37418978348514;21.6666666666667;6.41458093744158;73.3333333333333;6.91308709834975
"24";3.33333333333333;2.37418978348514;20;5.48048697579675;76.6666666666667;5.96584386716862
"25";3.33333333333333;2.45822801836067;18.3333333333333;4.91315085581888;78.3333333333333;5.33783922719059
"26";3.33333333333333;2.45822801836067;15;5.03238375820034;80;5.55263080907459
"27";3.33333333333333;2.45822801836067;13.3333333333333;4.13192140885023;81.6666666666667;4.66729319102562
"28";3.33333333333333;2.53628636750894;13.3333333333333;4.31085789332915;83.3333333333333;4.91315085581888
"29";3.33333333333333;2.54906370967291;11.6666666666667;3.67852062249357;85;4.2059551209603
"30";3.33333333333333;2.54906370967291;10;3.18632963709114;86.6666666666667;3.83208302348676
"31";3.33333333333333;2.54906370967291;10;3.30150496330719;86.6666666666667;4.18853908291695
"32";3.33333333333333;2.54906370967291;8.33333333333333;3.35519149103601;88.3333333333333;4.01426954426445
"33";3.33333333333333;2.54906370967291;6.66666666666667;3.05356128433981;88.3333333333333;3.90764067188026
"34";3.33333333333333;2.54906370967291;6.66666666666667;3.14269680527354;90;3.96950690328543
"35";3.33333333333333;2.54906370967291;6.66666666666667;2.54906370967291;90;3.47879494868507
"36";3.33333333333333;2.54906370967291;5;2.28351153955198;91.6666666666667;3.26688148237475
"37";3.33333333333333;2.54906370967291;5;2.35702260395516;91.6666666666667;3.33576909056983
"38";3.33333333333333;2.54906370967291;5;2.45822801836067;91.6666666666667;3.11152879401708
"39";3.33333333333333;2.54906370967291;3.33333333333333;2.23679432735734;91.6666666666667;2.964485476276
"40";3.33333333333333;2.54906370967291;3.33333333333333;2.02325659555628;93.3333333333333;2.73653594528869
"41";3.33333333333333;2.54906370967291;3.33333333333333;1.88182373212913;93.3333333333333;2.47469322597833
"42";3.33333333333333;2.54906370967291;3.33333333333333;1.45876838400777;93.3333333333333;2.3776083450592
"43";3.33333333333333;2.54906370967291;3.33333333333333;1.45318989939055;93.3333333333333;2.3776083450592
"44";3.33333333333333;2.54906370967291;3.33333333333333;1.16115378079911;93.3333333333333;2.45822801836067
"45";3.33333333333333;2.54906370967291;1.66666666666667;1.22248800937818;95;2.63368986161991
"46";3.33333333333333;2.20941982151705;1.66666666666667;1.38561706128457;95;2.51628681719816
"47";3.33333333333333;2.42091013067521;1.66666666666667;0.855920985021826;95;2.44599795235114
"48";3.33333333333333;2.42091013067521;1.66666666666667;0.828741930164745;95;2.57073318504062
"49";3.33333333333333;2.42091013067521;1.66666666666667;0.781345384897492;95;2.6840095387139
"50";3.33333333333333;2.42091013067521;1.66666666666667;1.21674318591229;95;2.96756993286954
"51";3.33333333333333;2.59175070505859;1.66666666666667;0.840874965182522;93.3333333333333;2.83377893109237
"52";3.33333333333333;2.59175070505859;1.66666666666667;0.840874965182522;93.3333333333333;2.83377893109237
"53";3.33333333333333;2.59175070505859;1.66666666666667;0.778498944161523;95;2.68741924943285
"54";3.33333333333333;2.59175070505859;1.66666666666667;0.674199862463242;95;2.63043568999356
"55";3.33333333333333;2.59175070505859;1.66666666666667;0.898933149950989;95;2.86920254292429
"56";3.33333333333333;2.53980654459166;1.66666666666667;1.11111111111111;95;2.65855246977898
"57";3.33333333333333;2.87814700088966;1.66666666666667;1.06811657410276;95;2.81718084909506
"58";3.33333333333333;2.99911803614146;1.66666666666667;0.813250060790444;95;3.04290309725092
"59";3.33333333333333;2.99911803614146;1.66666666666667;0.962250448649376;95;2.49337747181032
"60";1.66666666666667;1.94840865741669;1.66666666666667;0.680413817439772;96.6666666666667;1.82574185835055
"61";1.66666666666667;2.04124145231931;1.66666666666667;0.74535599249993;96.6666666666667;2.47206616236522
"62";1.66666666666667;2.09717623201965;1.66666666666667;0.833333333333333;96.6666666666667;2.35702260395516
"63";1.66666666666667;2.54587538608658;1.66666666666667;0;95;2.54587538608658
"64";1.66666666666667;2.54587538608658;1.66666666666667;0;95;2.54587538608658
"65";1.66666666666667;2.54587538608658;1.66666666666667;0.962250448649376;96.6666666666667;3.33333333333333
"66";3.33333333333333;2.35702260395516;1.66666666666667;0;95;2.35702260395516
"67";3.33333333333333;2.35702260395516;1.66666666666667;0;95;2.35702260395516
"68";3.33333333333333;2.35702260395516;1.66666666666667;0;95;2.35702260395516
"69";3.33333333333333;2.35702260395516;1.66666666666667;0;95;2.35702260395516
"70";3.33333333333333;2.35702260395516;1.66666666666667;0;95;2.35702260395516
"71";3.33333333333333;2.35702260395516;1.66666666666667;0;95;2.35702260395516
"72";3.33333333333333;2.35702260395516;1.66666666666667;0;95;2.35702260395516
"73";3.33333333333333;2.35702260395516;1.66666666666667;0;95;2.35702260395516
"74";3.33333333333333;2.35702260395516;1.66666666666667;0;95;2.35702260395516
"75";3.33333333333333;2.35702260395516;1.66666666666667;0;95;2.35702260395516
"76";3.33333333333333;2.35702260395516;1.66666666666667;0;95;2.35702260395516
"77";3.33333333333333;2.35702260395516;0;1.17851130197758;95;1.17851130197758
"78";1.66666666666667;NA;1.66666666666667;NA;96.6666666666667;NA
"79";1.66666666666667;NA;1.66666666666667;NA;96.6666666666667;NA
"80";1.66666666666667;NA;1.66666666666667;NA;96.6666666666667;NA
"81";1.66666666666667;NA;1.66666666666667;NA;96.6666666666667;NA
"82";1.66666666666667;NA;1.66666666666667;NA;96.6666666666667;NA
"83";1.66666666666667;NA;1.66666666666667;NA;96.6666666666667;NA
"84";1.66666666666667;NA;1.66666666666667;NA;96.6666666666667;NA
"85";1.66666666666667;NA;1.66666666666667;NA;96.6666666666667;NA
