"allS";"sdAllS";"allI";"sdAllI";"allR";"sdAllR"
"1";100;0;0;0;0;0
"2";100;0;0;0;0;0
"3";98.5714285714286;0;1.42857142857143;0;0;0
"4";94.2857142857143;2.34509337619464;5.71428571428571;2.45693302129023;0;0.439705008036495
"5";84.2857142857143;8.04925759297506;15.7142857142857;8.13784306778635;0;0.699086407042276
"6";65.7142857142857;15.3545635183098;32.8571428571429;14.7974146434062;1.42857142857143;2.10365137011892
"7";41.4285714285714;19.7601080198998;52.8571428571429;17.7759054390572;5.71428571428571;3.30673238330225
"8";22.8571428571429;16.5334995025317;67.1428571428571;14.1897150390473;10;4.8478460341459
"9";10;8.27300035710747;72.8571428571428;5.71193560696268;15.7142857142857;5.96219741929056
"10";5.71428571428571;3.91642003169497;71.4285714285714;6.57886143875139;22.8571428571429;6.59190989374559
"11";2.85714285714286;1.75116962601464;65.7142857142857;6.86841179302313;30;6.46356391101641
"12";1.42857142857143;1.30066495428618;60;6.58742740264948;37.1428571428571;6.45358541967684
"13";1.42857142857143;1.25013425702203;54.2857142857143;5.8700572827431;44.2857142857143;5.74942205099918
"14";1.42857142857143;1.30272786589856;48.5714285714286;6.15717861929848;48.5714285714286;6.03382873070243
"15";1.42857142857143;1.13531344891289;45.7142857142857;5.88969498206317;52.8571428571429;5.70440875723353
"16";1.42857142857143;1.17939706783128;40;5.17938158039325;57.1428571428571;5.08995345837053
"17";1.42857142857143;1.17939706783128;35.7142857142857;4.83008829668911;62.8571428571429;4.85835898088137
"18";1.42857142857143;1.21748803746684;32.8571428571429;4.69190403569051;65.7142857142857;4.59942087607493
"19";1.42857142857143;1.25013425702203;30;4.1836210732618;68.5714285714286;4.02462879648753
"20";1.42857142857143;1.25013425702203;25.7142857142857;3.99785119511756;71.4285714285714;3.81852007931518
"21";1.42857142857143;1.21528044174772;24.2857142857143;4.01059284827436;74.2857142857143;3.80795707130845
"22";1.42857142857143;1.21528044174772;21.4285714285714;4.13000339399033;75.7142857142857;3.96751037310395
"23";1.42857142857143;1.21528044174772;20;3.88544337843781;78.5714285714286;3.77680182278511
"24";1.42857142857143;1.21528044174772;17.1428571428571;3.57818909007607;81.4285714285714;3.69267862165024
"25";1.42857142857143;1.21528044174772;15.7142857142857;3.35109838190387;82.8571428571429;3.44980891140969
"26";1.42857142857143;1.21528044174772;14.2857142857143;3.51382110749967;84.2857142857143;3.59316692486535
"27";1.42857142857143;1.0467072815215;12.8571428571429;3.78248550067752;85.7142857142857;3.73389847903934
"28";1.42857142857143;1.0467072815215;12.8571428571429;3.66347548532523;85.7142857142857;3.67518458584932
"29";1.42857142857143;1.0467072815215;11.4285714285714;3.85769976486409;87.1428571428571;3.91847643510876
"30";1.42857142857143;1.0467072815215;10;3.72525851725866;88.5714285714286;3.81922324110722
"31";1.42857142857143;0.95831484749991;10;3.97292123190609;88.5714285714286;4.18682912608598
"32";1.42857142857143;0.95831484749991;8.57142857142857;3.36149933301245;90;3.57443482496712
"33";1.42857142857143;0.854632916594456;7.14285714285714;3.19354208730255;91.4285714285714;3.25351994792678
"34";1.42857142857143;0.854632916594456;5.71428571428571;2.98492452770421;91.4285714285714;2.94872034361966
"35";1.42857142857143;0.854632916594456;5.71428571428571;3.1639755274908;92.8571428571429;3.19101854515634
"36";1.42857142857143;0.853235314814496;5.71428571428571;2.86756661616191;92.8571428571429;2.87172552569493
"37";1.42857142857143;0.853235314814496;5.71428571428571;2.82986139712045;92.8571428571429;2.80018412774979
"38";1.42857142857143;0.853235314814496;4.28571428571429;2.9088881494725;92.8571428571429;2.87587842088801
"39";1.42857142857143;0.853235314814496;4.28571428571429;2.49596882296208;94.2857142857143;2.53393250494383
"40";1.42857142857143;0.853235314814496;4.28571428571429;2.12116562226714;94.2857142857143;2.1930898648956
"41";1.42857142857143;0.853235314814496;4.28571428571429;2.19852504018247;94.2857142857143;2.21205455274348
"42";1.42857142857143;0.868121412734551;4.28571428571429;1.8478904764673;94.2857142857143;2.03510605685922
"43";1.42857142857143;0.868121412734551;2.85714285714286;1.68358757425368;95.7142857142857;1.95316647448295
"44";1.42857142857143;0.868121412734551;2.85714285714286;1.71498585142509;95.7142857142857;1.99372096910636
"45";1.42857142857143;0.868121412734551;2.85714285714286;1.64349640467294;95.7142857142857;1.8478904764673
"46";1.42857142857143;0.866198660844047;2.85714285714286;1.43381391014719;95.7142857142857;1.47508316651613
"47";1.42857142857143;0.737711113563317;1.42857142857143;1.41490057410289;97.1428571428571;1.61984774146812
"48";1.42857142857143;0.733646558590136;2.85714285714286;1.08507789330393;95.7142857142857;1.30982109750456
"49";1.42857142857143;0.733646558590136;1.42857142857143;1.20271055163014;97.1428571428571;1.30982109750456
"50";1.42857142857143;0.741249316661101;1.42857142857143;1.18864327762549;97.1428571428571;1.44677052440524
"51";1.42857142857143;0.746047096952991;1.42857142857143;1.12320770443842;97.1428571428571;1.24837556786472
"52";0;0.752923252421043;1.42857142857143;0.903507902905251;97.1428571428571;0.96421222530079
"53";0;0.752923252421043;1.42857142857143;0.714285714285714;97.1428571428571;0.952380952380952
"54";0;0.752923252421043;1.42857142857143;0.629940788348712;97.1428571428571;1.01015254455221
"55";0;0.752923252421043;1.42857142857143;0.714285714285714;97.1428571428571;1.25988157669742
"56";0;0.763603548321213;1.42857142857143;0.505076272276105;97.1428571428571;1.06289115591835
"57";0;0.763603548321213;1.42857142857143;0;97.1428571428571;0.763603548321213
"58";0;0.763603548321213;1.42857142857143;0;97.1428571428571;0.763603548321213
"59";0;0.763603548321213;1.42857142857143;0.505076272276105;97.1428571428571;0.739355956438237
"60";0;0.763603548321213;1.42857142857143;0.763603548321213;98.5714285714286;1.16642368703961
"61";0;0.824786098842322;1.42857142857143;0;97.1428571428571;0.824786098842322
"62";0;0.824786098842322;1.42857142857143;0;97.1428571428571;0.824786098842322
"63";0;0.824786098842322;1.42857142857143;0;97.1428571428571;0.824786098842322
"64";0;0.824786098842322;1.42857142857143;0.714285714285714;97.1428571428571;1.36775301108048
"65";1.42857142857143;0.824786098842322;1.42857142857143;0;97.1428571428571;0.824786098842322
"66";1.42857142857143;0.824786098842322;1.42857142857143;0;97.1428571428571;0.824786098842322
"67";1.42857142857143;0.824786098842322;1.42857142857143;0.824786098842322;97.1428571428571;0.824786098842322
"68";0;1.01015254455221;0;1.01015254455221;98.5714285714286;2.02030508910442
"69";1.42857142857143;NA;1.42857142857143;NA;97.1428571428571;NA
"70";1.42857142857143;NA;1.42857142857143;NA;97.1428571428571;NA
"71";1.42857142857143;NA;1.42857142857143;NA;97.1428571428571;NA
"72";1.42857142857143;NA;1.42857142857143;NA;97.1428571428571;NA
"73";1.42857142857143;NA;1.42857142857143;NA;97.1428571428571;NA
"74";1.42857142857143;NA;1.42857142857143;NA;97.1428571428571;NA
"75";1.42857142857143;NA;1.42857142857143;NA;97.1428571428571;NA
"76";1.42857142857143;NA;1.42857142857143;NA;97.1428571428571;NA
