"allS";"sdAllS";"allI";"sdAllI";"allR";"sdAllR"
"1";100;0;0;0;0;0
"2";100;0;0;0;0;0
"3";98.3333333333333;0;1.66666666666667;0;0;0
"4";95;3.19904956645798;5;3.31022693167421;0;0.372677996249965
"5";81.6666666666667;11.9180655267512;16.6666666666667;11.7069757559981;0;0.970654542263031
"6";63.3333333333333;19.7971355427624;35;18.7698346465165;1.66666666666667;1.76143806805018
"7";41.6666666666667;25.6092114072629;51.6666666666667;21.9866904036461;5;4.60950792957627
"8";26.6666666666667;24.4686881371948;61.6666666666667;19.4243839711217;10;7.25588197684185
"9";16.6666666666667;18.9939458909102;65;13.8150081774196;16.6666666666667;8.03763887758375
"10";10;11.9486936546211;65;10.0137981478722;23.3333333333333;9.98292889866053
"11";6.66666666666667;5.93718472368385;61.6666666666667;6.49886279850669;31.6666666666667;9.42636728861702
"12";5;4.13192140885023;58.3333333333333;6.61038622002586;36.6666666666667;8.57448350522738
"13";3.33333333333333;2.85847690010503;53.3333333333333;8.36252198078679;43.3333333333333;9.42550560688492
"14";3.33333333333333;1.95382033594013;48.3333333333333;9.79732893808244;48.3333333333333;10.0210953581302
"15";1.66666666666667;1.69565434706409;43.3333333333333;9.27085044460387;53.3333333333333;9.15181323618831
"16";1.66666666666667;1.45876838400777;38.3333333333333;7.85467417737671;58.3333333333333;7.29829481539871
"17";1.66666666666667;1.51877998985036;35;7.72328445721233;63.3333333333333;7.03998604464326
"18";1.66666666666667;1.51877998985036;31.6666666666667;6.71885034567011;66.6666666666667;6.02410147412046
"19";1.66666666666667;1.56097635263616;26.6666666666667;7.16577128456275;70;6.64836669619656
"20";1.66666666666667;1.59698383677443;23.3333333333333;7.11914750574653;73.3333333333333;6.88483185572541
"21";1.66666666666667;1.59698383677443;21.6666666666667;6.44489814898166;75;6.27245802653209
"22";1.66666666666667;1.59698383677443;20;6.14160388218046;78.3333333333333;5.86284653224769
"23";1.66666666666667;1.59698383677443;18.3333333333333;5.901509151599;80;5.72830823801021
"24";1.66666666666667;1.59698383677443;16.6666666666667;5.23644945158448;81.6666666666667;5.30884974735827
"25";1.66666666666667;1.59698383677443;15;4.12995523152793;83.3333333333333;4.34089907833816
"26";1.66666666666667;1.59698383677443;13.3333333333333;4.1534879304392;85;4.18853908291695
"27";1.66666666666667;1.59698383677443;11.6666666666667;4.26349480053981;86.6666666666667;4.10034943597202
"28";1.66666666666667;1.59698383677443;10;3.98176480246765;86.6666666666667;3.7701160696572
"29";1.66666666666667;1.59698383677443;8.33333333333333;4.05853851685401;88.3333333333333;3.7701160696572
"30";1.66666666666667;1.59698383677443;8.33333333333333;4.1671539676059;90;3.81082893265968
"31";1.66666666666667;1.59698383677443;6.66666666666667;3.55957375287326;90;3.25193000123672
"32";1.66666666666667;1.62721334245339;6.66666666666667;3.74634324632678;91.6666666666667;3.18377955293946
"33";1.66666666666667;1.597133416116;6.66666666666667;3.10784141907679;91.6666666666667;2.81510863046299
"34";1.66666666666667;1.40028008402801;5;3.24501740844612;91.6666666666667;3.22818920127751
"35";1.66666666666667;1.41479114604528;5;2.5040816353708;91.6666666666667;2.27320999032881
"36";1.66666666666667;1.41479114604528;5;2.48360638056733;93.3333333333333;2.28217732293819
"37";1.66666666666667;1.41479114604528;5;2.66605385115434;93.3333333333333;2.42535625036333
"38";1.66666666666667;1.41479114604528;5;2.26420714311392;93.3333333333333;2.04623837889626
"39";1.66666666666667;1.41479114604528;5;2.04623837889626;93.3333333333333;1.93332488165834
"40";1.66666666666667;1.41479114604528;3.33333333333333;2.41269111810288;95;2.28217732293819
"41";1.66666666666667;1.34370962471643;3.33333333333333;2.06099131128328;95;2.41283220702544
"42";1.66666666666667;1.34370962471643;3.33333333333333;2.03840442321748;95;2.43194404784564
"43";1.66666666666667;1.36082763487954;3.33333333333333;1.93819858544313;95;2.25374467927604
"44";1.66666666666667;1.36082763487954;3.33333333333333;2.20028858136151;95;2.5871068190397
"45";1.66666666666667;1.38675049056307;3.33333333333333;1.64516038930942;95;1.73984640904464
"46";1.66666666666667;1.38675049056307;3.33333333333333;1.57888488905224;95;1.61236320341141
"47";1.66666666666667;1.38675049056307;1.66666666666667;1.44953082103817;95;1.78031336273019
"48";1.66666666666667;1.39141184989454;1.66666666666667;1.3216024351646;96.6666666666667;1.66034153315937
"49";1.66666666666667;1.37212100391427;1.66666666666667;1.31468439624436;96.6666666666667;1.99536499956311
"50";1.66666666666667;1.38888888888889;1.66666666666667;1.38888888888889;96.6666666666667;2.04124145231931
"51";1.66666666666667;1.39087160066047;1.66666666666667;1.24003968190474;95;1.72516389835589
"52";1.66666666666667;1.39087160066047;1.66666666666667;1.4773421007132;95;1.65171868160852
"53";1.66666666666667;1.25988157669742;1.66666666666667;1.58531621868557;96.6666666666667;1.92450089729875
"54";1.66666666666667;1.36082763487954;3.33333333333333;1.39443337755679;95;1.94840865741669
"55";1.66666666666667;1.36082763487954;1.66666666666667;1.36082763487954;96.6666666666667;1.49071198499986
"56";1.66666666666667;1.36082763487954;1.66666666666667;1.05409255338946;96.6666666666667;1.36082763487954
"57";1.66666666666667;1.49071198499986;1.66666666666667;0.74535599249993;96.6666666666667;1.39443337755679
"58";1.66666666666667;1.49071198499986;1.66666666666667;1.17851130197758;96.6666666666667;1.90029237516523
"59";1.66666666666667;1.59571184626056;1.66666666666667;1.36082763487954;96.6666666666667;1.59571184626056
"60";1.66666666666667;1.92450089729875;1.66666666666667;0.962250448649376;96.6666666666667;1.66666666666667
"61";1.66666666666667;1.92450089729875;1.66666666666667;0.962250448649376;96.6666666666667;1.66666666666667
"62";1.66666666666667;1.92450089729875;1.66666666666667;1.66666666666667;96.6666666666667;2.54587538608658
"63";1.66666666666667;2.35702260395516;1.66666666666667;0;96.6666666666667;2.35702260395516
"64";1.66666666666667;2.35702260395516;1.66666666666667;0;96.6666666666667;2.35702260395516
"65";1.66666666666667;2.35702260395516;1.66666666666667;0;96.6666666666667;2.35702260395516
"66";1.66666666666667;2.35702260395516;1.66666666666667;0;96.6666666666667;2.35702260395516
"67";1.66666666666667;2.35702260395516;1.66666666666667;0;96.6666666666667;2.35702260395516
"68";1.66666666666667;2.35702260395516;1.66666666666667;0;96.6666666666667;2.35702260395516
"69";1.66666666666667;2.35702260395516;1.66666666666667;0;96.6666666666667;2.35702260395516
"70";1.66666666666667;2.35702260395516;1.66666666666667;0;96.6666666666667;2.35702260395516
"71";1.66666666666667;2.35702260395516;1.66666666666667;0;96.6666666666667;2.35702260395516
"72";1.66666666666667;2.35702260395516;0;1.17851130197758;96.6666666666667;3.53553390593274
"73";3.33333333333333;NA;1.66666666666667;NA;95;NA
"74";3.33333333333333;NA;1.66666666666667;NA;95;NA
"75";3.33333333333333;NA;1.66666666666667;NA;95;NA
"76";3.33333333333333;NA;1.66666666666667;NA;95;NA
"77";3.33333333333333;NA;1.66666666666667;NA;95;NA
"78";3.33333333333333;NA;1.66666666666667;NA;95;NA
"79";3.33333333333333;NA;1.66666666666667;NA;95;NA
"80";3.33333333333333;NA;1.66666666666667;NA;95;NA
"81";3.33333333333333;NA;1.66666666666667;NA;95;NA
"82";3.33333333333333;NA;1.66666666666667;NA;95;NA
"83";3.33333333333333;NA;1.66666666666667;NA;95;NA
"84";3.33333333333333;NA;1.66666666666667;NA;95;NA
"85";3.33333333333333;NA;1.66666666666667;NA;95;NA
"86";3.33333333333333;NA;1.66666666666667;NA;95;NA
"87";3.33333333333333;NA;1.66666666666667;NA;95;NA
"88";3.33333333333333;NA;1.66666666666667;NA;95;NA
"89";3.33333333333333;NA;1.66666666666667;NA;95;NA
