"allS";"sdAllS";"allI";"sdAllI";"allR";"sdAllR"
"1";100;0;0;0;0;0
"2";100;0;0;0;0;0
"3";98.5714285714286;0;1.42857142857143;0;0;0
"4";92.8571428571429;3.66347548532523;5.71428571428571;3.57443482496712;0;0.439705008036495
"5";77.1428571428572;11.016051173567;22.8571428571429;10.8249919689494;0;1.08450664930893
"6";44.2857142857143;16.828413137364;52.8571428571429;15.5866311936104;1.42857142857143;2.29298655152107
"7";15.7142857142857;15.3922923504708;77.1428571428572;14.4494377517827;7.14285714285714;3.74467039817625
"8";4.28571428571429;7.31190927089647;80;7.26179177363927;14.2857142857143;4.54361841637711
"9";1.42857142857143;1.77099194230824;75.7142857142857;5.15860163068473;21.4285714285714;5.72320732114575
"10";1.42857142857143;1.0467072815215;70;7.13947288248525;28.5714285714286;7.34708049749931
"11";0;0.864007598327571;62.8571428571429;7.14285714285714;37.1428571428571;7.187454758649
"12";0;0.854632916594456;55.7142857142857;7.09154501791666;42.8571428571429;7.19678887696692
"13";0;0.699086407042276;50;6.5202320835382;48.5714285714286;6.59516797371407
"14";0;0.699086407042276;45.7142857142857;6.92564468065968;52.8571428571429;6.9229300341537
"15";0;0.699086407042276;41.4285714285714;7.16387884061174;57.1428571428571;7.05167362877087
"16";0;0.699086407042276;38.5714285714286;7.32071791893049;60;7.21169833748255
"17";0;0.699086407042276;34.2857142857143;6.35674156036771;64.2857142857143;6.24035238201917
"18";0;0.699086407042276;31.4285714285714;5.59029003203949;67.1428571428571;5.45265729126477
"19";0;0.699086407042276;28.5714285714286;5.46249786467598;70;5.3023513824151
"20";0;0.671660494259467;25.7142857142857;5.65951192135593;74.2857142857143;5.30488294206395
"21";0;0.671660494259467;22.8571428571429;5.07516012245214;75.7142857142857;4.74030187529846
"22";0;0.671660494259467;20;4.62271512928145;80;4.32997198116569
"23";0;0.671660494259467;17.1428571428571;4.57894119534875;81.4285714285714;4.38481904114987
"24";0;0.671660494259467;15.7142857142857;5.12150957874714;82.8571428571429;4.97901072483948
"25";0;0.671660494259467;14.2857142857143;4.9590157022028;84.2857142857143;4.76910483238266
"26";0;0.634659511884742;14.2857142857143;4.70390746454648;84.2857142857143;4.6551312598236
"27";0;0.634659511884742;12.8571428571429;4.15269767249961;85.7142857142857;4.07765649508932
"28";0;0.634659511884742;11.4285714285714;4.1058759078909;87.1428571428571;4.01661426056231
"29";0;0.634659511884742;10;3.50233925202928;88.5714285714286;3.51382110749967
"30";0;0.634659511884742;10;3.38696560106745;90;3.3188910186966
"31";0;0.634659511884742;8.57142857142857;3.72165261328975;90;3.59316692486535
"32";0;0.634659511884742;8.57142857142857;3.64584132524315;91.4285714285714;3.52983296069338
"33";0;0.634659511884742;7.14285714285714;3.81077673631629;91.4285714285714;3.60435945615188
"34";0;0.634659511884742;5.71428571428571;3.63477653090882;92.8571428571429;3.46456668886142
"35";0;0.634659511884742;5.71428571428571;3.4248099667384;92.8571428571429;3.2601160417691
"36";0;0.634659511884742;5.71428571428571;3.29289832473066;92.8571428571429;3.09533448857037
"37";0;0.634659511884742;4.28571428571429;2.53334369756864;94.2857142857143;2.38595964701089
"38";0;0.634659511884742;4.28571428571429;2.35879413566256;94.2857142857143;2.28359864494918
"39";0;0.646305611941234;4.28571428571429;2.17395974357909;95.7142857142857;2.1295885499998
"40";0;0.65841228423211;4.28571428571429;1.91175188019625;95.7142857142857;1.84969417672732
"41";0;0.65841228423211;2.85714285714286;1.8977461833002;95.7142857142857;1.84246878123274
"42";0;0.65841228423211;2.85714285714286;1.82610711630326;95.7142857142857;1.71498585142509
"43";0;0.65841228423211;1.42857142857143;2.14363509065654;97.1428571428571;2.02030508910442
"44";0;0.626470013790735;2.85714285714286;2.17015578660786;95.7142857142857;1.97445751281486
"45";0;0.556070674401088;2.85714285714286;2.11013984535999;95.7142857142857;2.00494132933496
"46";0;0.556070674401088;2.85714285714286;2.09543485892311;97.1428571428571;2.02030508910442
"47";0;0.577885596397065;2.85714285714286;2.02030508910442;95.7142857142857;1.89717102154028
"48";0;0.577885596397065;2.85714285714286;1.46701519443563;97.1428571428571;1.40235688173435
"49";0;0.577885596397065;2.85714285714286;1.61164592805076;97.1428571428571;1.57673248943129
"50";0;0.602338601936834;2.85714285714286;1.38832187972507;97.1428571428571;1.35526185435788
"51";0;0.602338601936834;1.42857142857143;1.31276654781812;97.1428571428571;1.38013111868471
"52";0;0.661300071266108;1.42857142857143;1.06289115591835;97.1428571428571;1.06289115591835
"53";0;0.661300071266108;1.42857142857143;1.01015254455221;97.1428571428571;1.07989849431208
"54";0;0.661300071266108;1.42857142857143;1.19217565770897;97.1428571428571;1.06289115591835
"55";0;0.539949247156039;1.42857142857143;1.07989849431208;97.1428571428571;1.12399398924206
"56";0;0.539949247156039;1.42857142857143;0.539949247156039;97.1428571428571;0.697071480677524
"57";0;0.539949247156039;1.42857142857143;0.539949247156039;97.1428571428571;0.697071480677524
"58";0;0.539949247156039;1.42857142857143;0.824786098842322;97.1428571428571;0.985807941917649
"59";0;0.583211843519804;1.42857142857143;0.583211843519804;97.1428571428571;0.737711113563317
"60";0;0.583211843519804;1.42857142857143;0.583211843519804;97.1428571428571;0.737711113563317
"61";0;0.583211843519804;1.42857142857143;1.07538950387012;98.5714285714286;0.903507902905251
"62";0;0;1.42857142857143;0;98.5714285714286;0
"63";0;0;1.42857142857143;0;98.5714285714286;0
"64";0;0;1.42857142857143;0.714285714285714;98.5714285714286;0.714285714285714
"65";0;0;1.42857142857143;0;98.5714285714286;0
"66";0;0;1.42857142857143;0;98.5714285714286;0
"67";0;0;1.42857142857143;0;98.5714285714286;0
"68";0;0;1.42857142857143;0;98.5714285714286;0
"69";0;0;1.42857142857143;0;98.5714285714286;0
"70";0;0;1.42857142857143;0;98.5714285714286;0
"71";0;0;1.42857142857143;0.824786098842322;98.5714285714286;0.824786098842322
"72";0;0;1.42857142857143;0;98.5714285714286;0
"73";0;0;0;1.01015254455221;98.5714285714286;1.01015254455221
"74";0;NA;1.42857142857143;NA;98.5714285714286;NA
"75";0;NA;1.42857142857143;NA;98.5714285714286;NA
"76";0;NA;1.42857142857143;NA;98.5714285714286;NA
"77";0;NA;1.42857142857143;NA;98.5714285714286;NA
"78";0;NA;1.42857142857143;NA;98.5714285714286;NA
"79";0;NA;1.42857142857143;NA;98.5714285714286;NA
"80";0;NA;1.42857142857143;NA;98.5714285714286;NA
"81";0;NA;1.42857142857143;NA;98.5714285714286;NA
"82";0;NA;1.42857142857143;NA;98.5714285714286;NA
"83";0;NA;1.42857142857143;NA;98.5714285714286;NA
"84";0;NA;1.42857142857143;NA;98.5714285714286;NA
"85";0;NA;1.42857142857143;NA;98.5714285714286;NA
"86";0;NA;1.42857142857143;NA;98.5714285714286;NA
"87";0;NA;1.42857142857143;NA;98.5714285714286;NA
"88";0;NA;1.42857142857143;NA;98.5714285714286;NA
"89";0;NA;1.42857142857143;NA;98.5714285714286;NA
"90";0;NA;1.42857142857143;NA;98.5714285714286;NA
"91";0;NA;1.42857142857143;NA;98.5714285714286;NA
"92";0;NA;1.42857142857143;NA;98.5714285714286;NA
"93";0;NA;1.42857142857143;NA;98.5714285714286;NA
"94";0;NA;1.42857142857143;NA;98.5714285714286;NA
"95";0;NA;1.42857142857143;NA;98.5714285714286;NA
"96";0;NA;1.42857142857143;NA;98.5714285714286;NA
"97";0;NA;1.42857142857143;NA;98.5714285714286;NA
"98";0;NA;1.42857142857143;NA;98.5714285714286;NA
"99";0;NA;1.42857142857143;NA;98.5714285714286;NA
"100";0;NA;1.42857142857143;NA;98.5714285714286;NA
"101";0;NA;1.42857142857143;NA;98.5714285714286;NA
"102";0;NA;1.42857142857143;NA;98.5714285714286;NA
"103";0;NA;1.42857142857143;NA;98.5714285714286;NA
"104";0;NA;1.42857142857143;NA;98.5714285714286;NA
"105";0;NA;1.42857142857143;NA;98.5714285714286;NA
"106";0;NA;1.42857142857143;NA;98.5714285714286;NA
"107";0;NA;1.42857142857143;NA;98.5714285714286;NA
"108";0;NA;1.42857142857143;NA;98.5714285714286;NA
"109";0;NA;1.42857142857143;NA;98.5714285714286;NA
"110";0;NA;1.42857142857143;NA;98.5714285714286;NA
"111";0;NA;1.42857142857143;NA;98.5714285714286;NA
