"allS";"sdAllS";"allI";"sdAllI";"allR";"sdAllR"
"1";100;0;0;0;0;0
"2";100;0;0;0;0;0
"3";99.21875;0;0.78125;0;0;0
"4";96.875;2.09171149782459;3.125;2.10967955891005;0;0.174692810742171
"5";81.25;12.6620737697461;17.96875;12.3471196891258;0;0.721391028809874
"6";53.125;26.8435211910474;45.3125;25.719998011224;1.5625;1.78512678305462
"7";36.71875;32.9280888179549;57.03125;29.5496496564524;5.46875;4.43737114110534
"8";28.90625;34.3978645175482;60.9375;29.1651369233863;10.15625;6.77519417175383
"9";22.65625;29.1054878026509;61.71875;21.857223745297;15.625;8.51111586919223
"10";15.625;20.2798953910608;64.0625;13.2410381963216;20.3125;9.53165443490517
"11";9.375;9.27128762685467;64.84375;5.01270487014063;25;9.88406791355345
"12";6.25;4.5688098491292;63.28125;7.57068187783602;29.6875;10.3749851379095
"13";4.6875;3.28144579616332;60.15625;8.80706763204947;34.375;10.3411030511724
"14";4.6875;3.06689400139448;55.46875;8.38410554204392;39.84375;9.754187381008
"15";3.90625;3.02974689740505;51.5625;7.79397474668565;43.75;9.07863171201121
"16";3.90625;3.05219466445652;47.65625;7.45598980856958;47.65625;8.44585280387386
"17";3.90625;3.07604541693915;45.3125;7.51018702352275;50.78125;8.26360069978538
"18";3.90625;3.044554615767;42.1875;6.74966114524706;53.90625;7.55443427941976
"19";3.125;2.9829990455783;38.28125;6.66910495004419;57.8125;7.18390123721225
"20";3.125;2.96977778261691;35.15625;6.60533871870442;60.9375;7.18390123721225
"21";3.125;2.98945343259565;32.8125;6.30055111774641;63.28125;6.77519417175383
"22";3.125;2.98945343259565;30.46875;6.07061651468951;65.625;6.49152962141111
"23";3.125;2.98945343259565;28.90625;6.03279547113492;67.96875;6.34829671617089
"24";3.125;3.03742419225307;26.5625;5.62953832819809;69.53125;6.14255401936007
"25";3.125;3.03742419225307;25;5.45109933534657;71.875;5.841392361449
"26";3.125;3.03742419225307;22.65625;5.38290231525023;73.4375;5.80553664673465
"27";3.125;3.03742419225307;21.09375;5.12362585878297;75.78125;5.51845364138408
"28";3.125;3.03742419225307;19.53125;4.50508553098022;76.5625;4.94040866191356
"29";3.125;3.03742419225307;17.96875;4.3468608701386;78.90625;4.84189268295875
"30";3.125;3.03742419225307;16.40625;4.338724137135;79.6875;5.04146050397679
"31";3.125;3.03742419225307;14.0625;4.23759193930692;82.03125;5.05100933601394
"32";3.125;3.03742419225307;13.28125;3.92900444976624;82.8125;4.84570604604777
"33";3.125;3.03742419225307;11.71875;2.91739471450647;84.375;4.02592180264592
"34";3.125;3.03742419225307;10.9375;2.95459532458717;85.15625;3.9793731504133
"35";3.125;3.03742419225307;10.15625;2.80283197582444;85.9375;3.85638401573407
"36";3.125;3.03742419225307;9.375;2.62804295744651;87.5;3.86989662882139
"37";3.125;3.03742419225307;7.8125;2.40997447573293;88.28125;3.63269091123632
"38";3.125;3.03742419225307;7.8125;2.52709413551155;89.0625;3.93982283197715
"39";3.125;3.03742419225307;7.03125;2.20206324732744;89.0625;3.80945028745601
"40";3.125;3.03742419225307;6.25;2.38417710601831;89.84375;3.84637499957239
"41";3.125;3.03742419225307;6.25;2.10396174310451;89.84375;3.73300011851974
"42";3.125;3.03742419225307;5.46875;2.01624964821187;90.625;3.78067055967015
"43";3.125;3.03742419225307;4.6875;1.78287596034248;91.40625;3.33653881475033
"44";3.125;3.03742419225307;4.6875;2.03567332146161;92.1875;3.23709323547092
"45";3.125;3.03742419225307;3.90625;1.60108605718119;92.1875;3.11367190208214
"46";3.125;3.03742419225307;3.125;1.52662348198781;92.96875;3.23088500369053
"47";3.125;3.03742419225307;3.125;1.51235318991717;93.75;3.29512261671861
"48";3.125;3.06153575642446;3.125;1.47918404054536;92.96875;3.2586330668774
"49";3.125;3.06153575642446;3.125;1.45852912219551;93.75;3.19893799051785
"50";3.90625;3.08129155369772;2.34375;1.37291996748986;93.75;3.19100283710519
"51";3.90625;3.08129155369772;2.34375;1.18499262290525;93.75;3.05528862841814
"52";3.90625;3.08129155369772;1.5625;1.07650830167271;94.53125;3.17596563029967
"53";3.90625;3.13432088797053;1.5625;0.920982712492237;93.75;3.12787092389442
"54";3.90625;3.13432088797053;1.5625;0.742973171609593;94.53125;3.19599951714686
"55";3.90625;3.13432088797053;1.5625;0.64604393012452;94.53125;3.03761082162881
"56";3.90625;3.13432088797053;1.5625;0.718405248201447;94.53125;3.1741595203118
"57";3.90625;3.21762154065798;1.5625;0.494105884401309;94.53125;3.37199362144606
"58";3.90625;3.21762154065798;0.78125;0.390625;94.53125;3.32949099021251
"59";3.90625;3.21762154065798;0.78125;0.470374788234074;94.53125;3.34967106205346
"60";3.90625;3.3259427928498;0.78125;0.463763156019269;94.53125;3.541776083744
"61";3.90625;3.34076552390531;0.78125;0.517963706352966;94.53125;3.56605880659418
"62";3.90625;3.48524330124092;0.78125;0.471111475902756;94.53125;3.50112751555957
"63";3.90625;3.43907792067066;0.78125;0.329403922934206;95.3125;3.62344315227627
"64";3.90625;3.43907792067066;0.78125;0.247052942200655;95.3125;3.59054053546337
"65";3.90625;3.43907792067066;0.78125;0.443473603279333;95.3125;3.63185564608889
"66";3.90625;3.7987438448923;0.78125;0.276213586400995;95.3125;3.97127793154776
"67";3.90625;3.7987438448923;0.78125;0.276213586400995;95.3125;3.97127793154776
"68";3.90625;3.7987438448923;0.78125;0.417595690488163;95.3125;4.04335288677161
"69";3.90625;3.99453798396725;0.78125;0.295284744538459;94.53125;4.17595690488163
"70";3.90625;3.99453798396725;0.78125;0.295284744538459;94.53125;4.17595690488163
"71";3.90625;3.99453798396725;0.78125;0.295284744538459;94.53125;4.17595690488163
"72";3.90625;3.99453798396725;0.78125;0;94.53125;3.99453798396725
"73";3.90625;3.99453798396725;0.78125;0.295284744538459;95.3125;4.08447581806201
"74";4.6875;4.21199304565744;0.78125;0.318943976924893;94.53125;4.32871724287346
"75";4.6875;4.44008507449463;0.78125;0.349385621484342;93.75;4.2576333104496
"76";3.90625;4.27908248050911;0.78125;0;95.3125;4.27908248050911
"77";3.90625;4.27908248050911;0.78125;0.390625;95.3125;4.48226939532774
"78";4.6875;4.57770724772056;0.78125;0;93.75;4.57770724772056
"79";4.6875;4.57770724772056;0.78125;0;93.75;4.57770724772056
"80";4.6875;4.57770724772056;0.78125;0;93.75;4.57770724772056
"81";4.6875;4.57770724772056;0.78125;0;93.75;4.57770724772056
"82";4.6875;4.57770724772056;0.78125;0;93.75;4.57770724772056
"83";4.6875;4.57770724772056;0.78125;0;93.75;4.57770724772056
"84";4.6875;4.57770724772056;0.78125;0;93.75;4.57770724772056
"85";4.6875;4.57770724772056;0.78125;0;93.75;4.57770724772056
"86";4.6875;4.57770724772056;0.78125;0;93.75;4.57770724772056
"87";4.6875;4.57770724772056;0.78125;0;93.75;4.57770724772056
"88";4.6875;4.57770724772056;0.78125;0;93.75;4.57770724772056
"89";4.6875;4.57770724772056;0.78125;0;93.75;4.57770724772056
"90";4.6875;4.57770724772056;0.78125;0;93.75;4.57770724772056
"91";4.6875;4.57770724772056;0.78125;0;93.75;4.57770724772056
"92";4.6875;4.57770724772056;0.78125;0;93.75;4.57770724772056
"93";4.6875;4.57770724772056;0.78125;0;93.75;4.57770724772056
"94";4.6875;4.57770724772056;0.78125;0;93.75;4.57770724772056
"95";4.6875;4.57770724772056;0.78125;0;93.75;4.57770724772056
"96";4.6875;4.57770724772056;0.78125;0;93.75;4.57770724772056
"97";4.6875;4.57770724772056;0.78125;0.451054897804395;94.53125;4.87890468624875
"98";6.25;4.97184455521791;0.78125;0;92.1875;4.97184455521791
"99";6.25;4.97184455521791;0.78125;0;92.1875;4.97184455521791
"100";6.25;4.97184455521791;0.78125;0;92.1875;4.97184455521791
"101";6.25;4.97184455521791;0;0.55242717280199;92.96875;5.5242717280199
"102";10.15625;NA;0.78125;NA;89.0625;NA
