"allS";"sdAllS";"allI";"sdAllI";"allR";"sdAllR"
"1";100;0;0;0;0;0
"2";100;0;0;0;0;0
"3";99.0697674418605;0;0.930232558139535;0;0;0
"4";98.1395348837209;0.605497947686284;1.86046511627907;0.662516853819284;0;0.170394208619778
"5";96.2790697674419;1.67971418820684;3.72093023255814;1.64961915190516;0;0.278252577495869
"6";93.4883720930233;3.53868249145048;6.04651162790698;3.28852253477158;0.465116279069767;0.576602027728266
"7";89.7674418604651;5.06011230680272;9.30232558139535;4.71534662055261;0.930232558139535;0.584447313895389
"8";83.7209302325581;6.80255834478161;14.8837209302326;6.44214546736197;1.3953488372093;0.721739191569428
"9";77.2093023255814;8.15103227143866;20;7.24588970734977;2.7906976744186;1.42362216387258
"10";70.6976744186046;10.2958983186695;24.6511627906977;8.97413727914429;4.18604651162791;2.13889618480116
"11";64.6511627906977;11.5207794687891;28.8372093023256;9.98316307676186;6.51162790697674;2.91833765303818
"12";59.0697674418605;12.7922331336085;32.093023255814;10.9156651799564;8.37209302325581;3.43749102384444
"13";55.3488372093023;13.063650415185;33.4883720930233;10.6320160576119;11.1627906976744;4.21525239302453
"14";52.5581395348837;13.875752455978;33.4883720930233;10.8044008293923;13.953488372093;5.30158469345506
"15";50.6976744186047;14.6171040470455;32.093023255814;10.8349186751338;16.7441860465116;5.88770843249664
"16";49.7674418604651;14.9516503702605;30.2325581395349;10.3213020563243;20;6.91708478209337
"17";49.3023255813954;15.1782929066495;27.906976744186;9.6983920553752;22.7906976744186;6.91214482994416
"18";48.8372093023256;15.2650619788591;25.5813953488372;9.01565630338361;25.1162790697674;7.48347453063342
"19";48.3720930232558;15.3087269389676;23.7209302325581;8.47347832378453;27.4418604651163;8.00998494468952
"20";48.3720930232558;15.4027279885618;21.8604651162791;8.02698900251876;29.3023255813954;8.71538787573367
"21";48.3720930232558;15.3962215064009;20;7.32353141062768;31.1627906976744;9.1448108453965
"22";48.3720930232558;15.4366945097916;18.6046511627907;7.1689556835554;33.0232558139535;9.25135977164008
"23";48.3720930232558;15.4831848875129;17.2093023255814;6.81656180104821;34.4186046511628;9.74734191116788
"24";48.3720930232558;15.472959791201;15.8139534883721;6.32153913610678;35.8139534883721;10.3584939748389
"25";47.906976744186;15.4964710998823;13.953488372093;5.9571592110229;37.6744186046512;10.5667848072664
"26";47.906976744186;15.5089016742188;13.0232558139535;5.46367073775521;38.6046511627907;10.9049161225192
"27";47.906976744186;15.5089016742188;11.6279069767442;5.15596050449565;40;11.3103265372646
"28";47.906976744186;15.5256864132068;10.6976744186047;4.89280498044819;40.9302325581395;11.5153425506499
"29";47.906976744186;15.5431489530657;10.2325581395349;4.72228366319145;41.8604651162791;11.876869640186
"30";47.906976744186;15.5431489530657;9.30232558139535;4.05275338465948;42.7906976744186;12.2738342386138
"31";47.906976744186;15.5431489530657;8.37209302325581;3.76798581684399;43.2558139534884;12.6572767644128
"32";47.906976744186;15.5431489530657;7.44186046511628;3.41155736202646;44.1860465116279;12.8378124137678
"33";47.906976744186;15.5431489530657;6.97674418604651;3.01911023559439;44.6511627906977;13.1002054344876
"34";47.906976744186;15.5431489530657;6.51162790697674;2.84834382358594;45.1162790697674;13.3063093725662
"35";47.906976744186;15.5431489530657;5.58139534883721;2.55413060750071;46.046511627907;13.625584121594
"36";47.906976744186;15.5431489530657;5.11627906976744;2.21923297980282;46.5116279069767;13.8472290229989
"37";47.906976744186;15.5620186794418;4.65116279069767;2.06067757676329;46.9767441860465;13.9494894310502
"38";47.906976744186;15.5620186794418;4.65116279069767;2.02739485746078;47.4418604651163;14.0881910997133
"39";47.906976744186;15.5620186794418;4.18604651162791;1.99055582377049;47.4418604651163;14.1140295312564
"40";47.906976744186;15.5620186794418;3.72093023255814;1.72370678129685;47.906976744186;14.3498181533372
"41";47.906976744186;15.5779056725372;3.25581395348837;1.56022987718089;48.3720930232558;14.5464384916176
"42";47.906976744186;15.6017696858217;3.25581395348837;1.40267355334893;48.8372093023256;14.6849293236778
"43";47.906976744186;15.6017696858217;2.7906976744186;1.34972325601863;48.8372093023256;14.65419331017
"44";46.046511627907;13.2000684113966;2.7906976744186;1.17644640213366;51.1627906976744;12.567756516333
"45";46.046511627907;13.2000684113966;2.32558139534884;1.18448416176264;51.1627906976744;12.5841538635464
"46";46.046511627907;13.2000684113966;2.32558139534884;1.14869740272362;51.6279069767442;12.7231752596363
"47";46.046511627907;13.2000684113966;1.86046511627907;1.09974610127011;51.6279069767442;12.8102295142364
"48";46.046511627907;13.2000684113966;1.86046511627907;1.01976333629782;51.6279069767442;12.7617465956803
"49";46.046511627907;13.2000684113966;1.86046511627907;0.975376763605642;52.093023255814;12.784873122102
"50";46.046511627907;13.2000684113966;1.3953488372093;0.959686033650863;52.093023255814;12.7604082343037
"51";45.5813953488372;13.5216397664347;1.3953488372093;0.831090099437925;52.5581395348837;13.1574094852646
"52";45.5813953488372;13.5216397664347;1.3953488372093;0.735413409341484;52.5581395348837;13.1489171226756
"53";45.5813953488372;13.5216397664347;1.3953488372093;0.778379228123194;53.0232558139535;13.240325028211
"54";45.5813953488372;13.5216397664347;1.3953488372093;0.717408497557579;53.0232558139535;13.2444091385459
"55";45.5813953488372;13.5216397664347;0.930232558139535;0.673177887096356;53.0232558139535;13.234770752313
"56";45.5813953488372;13.5216397664347;0.930232558139535;0.666846919925785;53.0232558139535;13.253773812814
"57";44.6511627906977;12.9722144854659;0.930232558139535;0.624018970465058;53.953488372093;12.6701863355492
"58";44.6511627906977;12.9722144854659;0.930232558139535;0.667972400760236;53.953488372093;12.7002794272487
"59";44.6511627906977;13.6248896581131;0.930232558139535;0.609955307795489;53.953488372093;13.3794966115622
"60";44.6511627906977;13.6248896581131;0.930232558139535;0.542939809860036;53.953488372093;13.4082057730138
"61";44.6511627906977;13.6248896581131;0.930232558139535;0.547300842246095;53.953488372093;13.3709207366235
"62";44.6511627906977;13.6248896581131;0.930232558139535;0.601122021078013;53.953488372093;13.2593330186627
"63";43.2558139534884;12.6802298582349;0.930232558139535;0.569648777391437;55.8139534883721;12.3838924011298
"64";43.2558139534884;12.6802298582349;0.930232558139535;0.569648777391437;55.8139534883721;12.3838924011298
"65";43.2558139534884;12.6802298582349;0.930232558139535;0.56475899785577;55.8139534883721;12.418334413565
"66";43.7209302325581;13.1292250646152;0.930232558139535;0.458014850155657;55.3488372093023;12.852181013184
"67";42.7906976744186;13.5176470238358;0.465116279069767;0.381488154541732;56.2790697674419;13.2909663352662
"68";40.4651162790698;11.3918150930708;0.465116279069767;0.392220484982125;58.6046511627907;11.3109249407572
"69";41.3953488372093;11.7136374506633;0.465116279069767;0.41019400171544;57.6744186046512;11.511301642337
"70";40;11.8314412644917;0.930232558139535;0.346057585647835;59.0697674418605;11.6939982202555
"71";40;11.8314412644917;0.930232558139535;0.346057585647835;59.0697674418605;11.6939982202555
"72";40;11.8314412644917;0.930232558139535;0.351594858613235;59.0697674418605;11.7343961037608
"73";40;11.8314412644917;0.930232558139535;0.351594858613235;59.0697674418605;11.7343961037608
"74";40;11.8314412644917;0.465116279069767;0.412281516478102;59.0697674418605;11.613279836556
"75";35.8139534883721;2.48822201760212;0.465116279069767;0.365951531381136;63.2558139534884;2.55360516286719
"76";35.8139534883721;2.48822201760212;0.465116279069767;0.320960725275514;63.2558139534884;2.55964920721039
"77";36.2790697674419;2.72400938871559;0.465116279069767;0.189882925797146;63.2558139534884;2.7226854472577
"78";36.2790697674419;2.72400938871559;0.465116279069767;0.189882925797146;63.2558139534884;2.7226854472577
"79";36.2790697674419;2.72400938871559;0.465116279069767;0.189882925797146;63.2558139534884;2.7226854472577
"80";36.2790697674419;2.72400938871559;0.465116279069767;0.189882925797146;63.2558139534884;2.7226854472577
"81";36.2790697674419;2.72400938871559;0.465116279069767;0.189882925797146;63.2558139534884;2.7226854472577
"82";36.2790697674419;2.72400938871559;0.465116279069767;0.294165363736593;63.2558139534884;2.8330125270402
"83";36.7441860465116;2.55602449563425;0.465116279069767;0.208006323488353;62.7906976744186;2.52622802120935
"84";36.7441860465116;2.55602449563425;0.465116279069767;0.328886874970487;62.7906976744186;2.53477704063976
"85";36.7441860465116;2.95083198615105;0.465116279069767;0.232558139534884;62.7906976744186;2.91703685615919
"86";36.7441860465116;2.95083198615105;0.465116279069767;0.379765851594291;62.7906976744186;3.1172045368811
"87";37.6744186046512;2.09732546642925;0.465116279069767;0.268535008925407;61.3953488372093;1.87974506247785
"88";37.6744186046512;2.09732546642925;0.465116279069767;0.268535008925407;61.3953488372093;1.87974506247785
"89";37.6744186046512;2.09732546642925;0.465116279069767;0.268535008925407;61.3953488372093;1.87974506247785
"90";37.6744186046512;2.09732546642925;0.465116279069767;0;61.3953488372093;2.09732546642925
"91";37.6744186046512;2.09732546642925;0.465116279069767;0;61.3953488372093;2.09732546642925
"92";37.6744186046512;2.09732546642925;0.465116279069767;0;61.3953488372093;2.09732546642925
"93";37.6744186046512;2.09732546642925;0.465116279069767;0;61.3953488372093;2.09732546642925
"94";37.6744186046512;2.09732546642925;0.465116279069767;0;61.3953488372093;2.09732546642925
"95";37.6744186046512;2.09732546642925;0.465116279069767;0.268535008925407;61.8604651162791;2.13143055579341
"96";38.1395348837209;2.95998187473438;0.465116279069767;0;61.3953488372093;2.95998187473438
