"allS";"sdAllS";"allI";"sdAllI";"allR";"sdAllR"
"1";100;0;0;0;0;0
"2";100;0;0;0;0;0
"3";98.5714285714286;0;1.42857142857143;0;0;0
"4";92.8571428571429;3.48080512187273;5.71428571428571;3.45214328107666;0;0.523353640760748
"5";81.4285714285714;10.2375123690234;18.5714285714286;10.0190473808094;0;1.5649215928719
"6";60;16.9238834281618;37.1428571428571;15.7537099444532;1.42857142857143;1.99892559755878
"7";42.8571428571429;14.0344443551074;52.8571428571429;11.930698563212;4.28571428571429;3.05604646210062
"8";31.4285714285714;9.17779976862161;58.5714285714286;8.10775973937358;8.57142857142857;4.27567747033029
"9";27.1428571428571;8.2117518157818;58.5714285714286;7.51082283912558;14.2857142857143;5.05820047561951
"10";22.8571428571429;7.25883290959726;58.5714285714286;6.61143429013081;18.5714285714286;5.77226227879957
"11";20;7.12026502361006;57.1428571428571;7.39080916749823;22.8571428571429;6.20583212062208
"12";17.1428571428571;5.54446918655767;54.2857142857143;6.41393488331717;27.1428571428571;5.78155889020075
"13";15.7142857142857;5.73820183139172;51.4285714285714;5.9981200062205;31.4285714285714;5.44279892613864
"14";14.2857142857143;4.77416966872552;50;4.62561866271847;35.7142857142857;5.59844999263956
"15";12.8571428571429;4.11697906829325;47.1428571428571;5.55414709440561;40;6.79767446176097
"16";11.4285714285714;3.81922324110722;44.2857142857143;5.80566041061972;42.8571428571429;6.4323297284707
"17";11.4285714285714;3.5450151080079;41.4285714285714;6.13839670198102;47.1428571428571;6.14713961582933
"18";10;3.57443482496712;40;7.12742694264706;50;6.7086042191562
"19";8.57142857142857;3.35510256349943;37.1428571428571;6.8496199334768;54.2857142857143;6.43900573413733
"20";8.57142857142857;3.33825272511133;34.2857142857143;7.35036917169864;55.7142857142857;6.7624254097274
"21";8.57142857142857;3.45214328107666;31.4285714285714;8.0475893876157;60;6.76441056327367
"22";7.14285714285714;3.60435945615188;30;7.38499363858158;61.4285714285714;5.86456525850989
"23";7.14285714285714;3.58718329552639;28.5714285714286;7.19342998965804;64.2857142857143;5.64383259866189
"24";7.14285714285714;3.4715353181397;25.7142857142857;6.59190989374559;65.7142857142857;5.47379265363949
"25";7.14285714285714;3.54425754520237;24.2857142857143;6.0591428106977;68.5714285714286;4.71474137693073
"26";5.71428571428571;3.67518458584932;22.8571428571429;5.28662865490936;71.4285714285714;4.1836210732618
"27";5.71428571428571;3.75398105903878;21.4285714285714;4.91113292815656;71.4285714285714;3.97292123190609
"28";5.71428571428571;3.61997086231901;20;5.50119604220181;74.2857142857143;4.29510249912393
"29";5.71428571428571;3.47694570709031;18.5714285714286;5.37078463585407;75.7142857142857;4.043267600514
"30";5.71428571428571;3.25764407171182;17.1428571428571;4.47633711699224;77.1428571428572;4.02662993797017
"31";5.71428571428571;3.35830247129734;15.7142857142857;4.96767207484344;78.5714285714286;4.51456647075934
"32";5.71428571428571;3.35830247129734;14.2857142857143;4.69190403569051;80;4.13195350194223
"33";4.28571428571429;3.35750278025819;14.2857142857143;4.47213595499958;80;3.80160517852722
"34";4.28571428571429;3.35510256349943;12.8571428571429;4.34544837613894;81.4285714285714;3.88060256430413
"35";4.28571428571429;3.35510256349943;11.4285714285714;3.85769976486409;82.8571428571429;3.55635918534805
"36";4.28571428571429;3.38299913337448;11.4285714285714;4.14816874948709;82.8571428571429;3.86326442663134
"37";4.28571428571429;3.24773737648152;10;3.6465777844619;84.2857142857143;3.48080512187273
"38";4.28571428571429;3.24773737648152;8.57142857142857;3.48311871808821;85.7142857142857;3.70429541360813
"39";4.28571428571429;3.17329755942371;8.57142857142857;3.22033682715702;85.7142857142857;3.79099504011807
"40";4.28571428571429;3.02513636943952;7.14285714285714;3.22450339226763;87.1428571428571;3.83325938999964
"41";4.28571428571429;3.02513636943952;7.14285714285714;3.20780466068908;87.1428571428571;3.88060256430413
"42";4.28571428571429;3.02513636943952;7.14285714285714;2.7963456281691;88.5714285714286;3.4248099667384
"43";4.28571428571429;3.02513636943952;5.71428571428571;2.71843766339288;88.5714285714286;3.41853166637782
"44";4.28571428571429;3.02513636943952;5.71428571428571;2.42059725787976;88.5714285714286;3.32535744668565
"45";4.28571428571429;3.02513636943952;5.71428571428571;2.37580898088235;90;3.44591478113432
"46";4.28571428571429;3.02513636943952;4.28571428571429;2.4645717388765;90;3.66347548532523
"47";4.28571428571429;3.0802606591987;4.28571428571429;2.07853905930981;90;2.98582400776914
"48";4.28571428571429;3.03340985806219;4.28571428571429;1.9327517428369;90;3.04322992213745
"49";4.28571428571429;3.03340985806219;4.28571428571429;1.89534010632127;91.4285714285714;3.02947291953359
"50";4.28571428571429;3.12045320820922;4.28571428571429;1.63536023388462;91.4285714285714;2.90918981060736
"51";4.28571428571429;2.99058145365954;2.85714285714286;1.29640744710433;91.4285714285714;2.90918981060736
"52";4.28571428571429;2.99058145365954;2.85714285714286;1.65964909163844;91.4285714285714;3.0556616567607
"53";4.28571428571429;3.13933785643896;2.85714285714286;1.32672683007191;91.4285714285714;3.15150325862368
"54";4.28571428571429;3.13933785643896;2.85714285714286;1.10656667034498;92.8571428571429;3.19305155475018
"55";4.28571428571429;3.13933785643896;2.85714285714286;1.15175110689979;92.8571428571429;3.09569593683445
"56";4.28571428571429;2.88085399281032;2.85714285714286;1.19115626833256;92.8571428571429;3.32262614647394
"57";4.28571428571429;2.88254018200521;1.42857142857143;1.07989849431208;92.8571428571429;3.15730942825465
"58";4.28571428571429;2.86628573765416;1.42857142857143;1.03573007440283;92.8571428571429;3.06479819309796
"59";4.28571428571429;2.42895336950775;1.42857142857143;0.963142660661774;92.8571428571429;2.81132087218485
"60";4.28571428571429;2.55993905823155;1.42857142857143;0.737711113563317;92.8571428571429;2.71470339309319
"61";4.28571428571429;2.55993905823155;1.42857142857143;0.737711113563317;92.8571428571429;2.71470339309319
"62";4.28571428571429;2.55993905823155;1.42857142857143;1.16642368703961;92.8571428571429;2.96999354847861
"63";4.28571428571429;2.78828592271009;1.42857142857143;1.07989849431208;92.8571428571429;3.07028138677463
"64";4.28571428571429;2.99659670905758;2.85714285714286;0.782460796435951;92.8571428571429;3.35029697130245
"65";4.28571428571429;2.99659670905758;1.42857142857143;1.40456011464311;92.8571428571429;3.54753914898841
"66";4.28571428571429;3.08606699924184;2.85714285714286;0.824786098842322;92.8571428571429;2.9738085706659
"67";4.28571428571429;3.08606699924184;1.42857142857143;0.714285714285714;92.8571428571429;2.94507544686976
"68";4.28571428571429;3.08606699924184;1.42857142857143;0.714285714285714;92.8571428571429;2.94507544686976
"69";4.28571428571429;3.08606699924184;1.42857142857143;1.16642368703961;94.2857142857143;3.08606699924184
"70";4.28571428571429;3.77964473009227;1.42857142857143;1.64957219768464;94.2857142857143;3.59515925489083
"71";2.85714285714286;NA;2.85714285714286;NA;94.2857142857143;NA
"72";2.85714285714286;NA;2.85714285714286;NA;94.2857142857143;NA
"73";2.85714285714286;NA;2.85714285714286;NA;94.2857142857143;NA
"74";2.85714285714286;NA;2.85714285714286;NA;94.2857142857143;NA
"75";2.85714285714286;NA;2.85714285714286;NA;94.2857142857143;NA
"76";2.85714285714286;NA;1.42857142857143;NA;95.7142857142857;NA
"77";2.85714285714286;NA;1.42857142857143;NA;95.7142857142857;NA
"78";2.85714285714286;NA;1.42857142857143;NA;95.7142857142857;NA
"79";2.85714285714286;NA;1.42857142857143;NA;95.7142857142857;NA
"80";2.85714285714286;NA;1.42857142857143;NA;95.7142857142857;NA
"81";2.85714285714286;NA;1.42857142857143;NA;95.7142857142857;NA
"82";2.85714285714286;NA;1.42857142857143;NA;95.7142857142857;NA
"83";2.85714285714286;NA;1.42857142857143;NA;95.7142857142857;NA
"84";2.85714285714286;NA;1.42857142857143;NA;95.7142857142857;NA
"85";2.85714285714286;NA;1.42857142857143;NA;95.7142857142857;NA
