"allS";"sdAllS";"allI";"sdAllI";"allR";"sdAllR"
"1";100;0;0;0;0;0
"2";100;0;0;0;0;0
"3";99.0697674418605;0;0.930232558139535;0;0;0
"4";98.1395348837209;0.689466198556067;1.86046511627907;0.715401073739832;0;0.190879693411191
"5";95.8139534883721;2.145274617007;3.72093023255814;2.15057552604472;0;0.278252577495869
"6";92.5581395348837;4.23142815158037;6.97674418604651;4.21579258492026;0.465116279069767;0.37270451590048
"7";86.046511627907;6.89420324362027;13.0232558139535;6.37586513205066;0.930232558139535;1.00790884759043
"8";79.0697674418605;8.3173634610863;18.1395348837209;7.29731789165152;2.32558139534884;1.59899329134416
"9";72.5581395348837;10.7089032181886;23.2558139534884;9.42171448324868;4.18604651162791;1.97940237748895
"10";66.046511627907;12.4466798669786;27.906976744186;10.627672026355;5.58139534883721;2.74545123625931
"11";60.4651162790698;13.5703320819798;31.1627906976744;11.0750667024678;7.90697674418605;3.86010625909716
"12";55.8139534883721;14.281559615134;33.4883720930233;11.3949186284484;10.2325581395349;4.39495629372018
"13";53.0232558139535;14.8442714647898;33.0232558139535;11.0853426457007;13.4883720930233;5.16206654457286
"14";51.6279069767442;15.4561894131526;32.093023255814;11.3784196626759;15.8139534883721;5.90219985876112
"15";50.2325581395349;15.3956647951856;31.1627906976744;10.2689658053921;18.6046511627907;6.75545516197748
"16";49.7674418604651;15.6595610468069;29.3023255813954;9.67478213337439;20.9302325581395;7.39213976410201
"17";49.3023255813954;15.662024889979;27.4418604651163;8.67575679635425;23.2558139534884;8.32397736539322
"18";48.8372093023256;15.8285866010299;25.1162790697674;8.16577922070686;25.5813953488372;8.74612164658157
"19";48.8372093023256;15.8335811507088;23.7209302325581;7.61959656498002;27.4418604651163;9.5431893053621
"20";48.3720930232558;15.8581314266022;21.3953488372093;6.95831465855167;29.7674418604651;10.0650834985023
"21";48.3720930232558;15.901033038007;20;6.8276373452395;31.1627906976744;10.4203069270491
"22";48.3720930232558;15.9139564903645;18.6046511627907;6.31675931394213;33.0232558139535;10.6695507188126
"23";48.3720930232558;15.9060048392288;17.2093023255814;5.84490604685708;34.4186046511628;11.2246123450737
"24";48.3720930232558;15.9060048392288;15.8139534883721;5.32231077528504;35.8139534883721;11.5801549067884
"25";48.3720930232558;15.9060048392288;14.4186046511628;5.37564460005242;36.7441860465116;11.5470601643661
"26";48.3720930232558;15.9179308263679;13.0232558139535;4.87662440241495;38.1395348837209;11.9671973506346
"27";48.3720930232558;15.9311979226259;12.093023255814;4.4538595129278;39.5348837209302;12.3369307962263
"28";48.3720930232558;15.9311979226259;11.1627906976744;4.48823855842635;40;12.4122773070897
"29";48.3720930232558;15.9311979226259;10.6976744186047;4.4598205142744;40.9302325581395;12.5462465910833
"30";48.3720930232558;15.9311979226259;9.76744186046512;4.29110942914526;41.3953488372093;12.5815397682947
"31";48.3720930232558;15.9311979226259;8.83720930232558;3.82471208164793;42.7906976744186;13.0126144086046
"32";48.3720930232558;15.9311979226259;8.37209302325581;3.54721663415996;43.2558139534884;13.2011226189681
"33";48.3720930232558;15.9311979226259;7.90697674418605;3.36792841589678;43.7209302325581;13.266653645285
"34";48.3720930232558;15.9311979226259;6.97674418604651;3.0518374034046;44.6511627906977;13.548873162829
"35";48.3720930232558;15.9311979226259;6.51162790697674;2.82157988610665;45.1162790697674;13.7523928910329
"36";48.3720930232558;15.9311979226259;6.04651162790698;2.55374670741377;45.5813953488372;13.8991643916066
"37";48.3720930232558;15.9311979226259;5.58139534883721;2.46039284812103;46.046511627907;13.9460517832176
"38";48.3720930232558;15.9311979226259;5.11627906976744;2.29877106795936;46.5116279069767;14.017397502807
"39";48.3720930232558;15.9311979226259;4.65116279069767;2.30920385780455;46.9767441860465;14.0439517330021
"40";48.3720930232558;15.9311979226259;4.18604651162791;2.18100874709596;47.4418604651163;14.2283104285351
"41";48.3720930232558;15.9311979226259;3.72093023255814;1.911446202471;47.906976744186;14.5338745739709
"42";48.3720930232558;15.9311979226259;3.25581395348837;1.69724680652758;48.3720930232558;14.6583387537036
"43";48.3720930232558;15.9311979226259;3.25581395348837;1.46436161455555;48.3720930232558;14.8418423475441
"44";48.3720930232558;15.9311979226259;2.7906976744186;1.4030342769124;48.8372093023256;14.8540265460448
"45";46.5116279069767;14.2273624091884;2.7906976744186;1.08070173409014;50.6976744186047;13.5206986141266
"46";46.5116279069767;14.2273624091884;2.32558139534884;1.11673497302099;50.6976744186047;13.5060500222874
"47";46.5116279069767;14.2273624091884;2.32558139534884;1.0447790965158;51.1627906976744;13.6825548401133
"48";46.5116279069767;14.2273624091884;1.86046511627907;1.01908808691156;51.1627906976744;13.7762467582233
"49";46.5116279069767;14.2273624091884;1.86046511627907;0.942314006609356;51.6279069767442;13.779556379429
"50";46.5116279069767;14.2273624091884;1.86046511627907;0.886652045799298;51.6279069767442;13.73824459324
"51";46.5116279069767;14.2273624091884;1.86046511627907;0.841236030793829;51.6279069767442;13.7626921061533
"52";46.5116279069767;14.2273624091884;1.3953488372093;0.765096112399976;51.6279069767442;13.8530355871844
"53";46.5116279069767;14.2273624091884;1.3953488372093;0.705483980148243;52.093023255814;13.870376178025
"54";44.1860465116279;11.5837053168557;1.3953488372093;0.652919264776018;53.953488372093;11.4224669650135
"55";44.6511627906977;11.7898414134905;0.930232558139535;0.432999691279657;53.953488372093;11.71713824473
"56";44.6511627906977;11.7898414134905;0.930232558139535;0.416012646976705;53.953488372093;11.7665762466197
"57";44.6511627906977;11.7898414134905;0.930232558139535;0.359024377578586;53.953488372093;11.7958415762878
"58";44.6511627906977;11.7898414134905;0.930232558139535;0.398301785384965;53.953488372093;11.8243484146808
"59";44.6511627906977;11.7898414134905;0.930232558139535;0.480370027436579;54.4186046511628;11.8441520280426
"60";44.6511627906977;12.5705012150424;0.930232558139535;0.302531923529298;54.4186046511628;12.6508865591226
"61";44.6511627906977;12.5705012150424;0.465116279069767;0.302531923529298;54.8837209302326;12.6731192541586
"62";44.6511627906977;12.5705012150424;0.465116279069767;0.302531923529298;54.8837209302326;12.6731192541586
"63";44.6511627906977;12.5705012150424;0.465116279069767;0.293221010212147;54.8837209302326;12.6992448042828
"64";44.6511627906977;12.5705012150424;0.465116279069767;0.174666887488096;54.8837209302326;12.6616244583422
"65";44.6511627906977;12.5705012150424;0.465116279069767;0.22955726362457;54.8837209302326;12.6973882773485
"66";45.5813953488372;12.6314644763067;0.465116279069767;0.181046266084075;53.953488372093;12.7240238033944
"67";45.5813953488372;12.6314644763067;0.465116279069767;0.239501697927645;53.953488372093;12.7644679482307
"68";46.5116279069767;12.6515980524552;0.465116279069767;0.188148798826951;52.5581395348837;12.7452970920454
"69";46.5116279069767;12.6515980524552;0.465116279069767;0.188148798826951;52.5581395348837;12.7452970920454
"70";46.5116279069767;12.6515980524552;0.465116279069767;0.188148798826951;52.5581395348837;12.7452970920454
"71";46.5116279069767;12.6515980524552;0.465116279069767;0.140237834687332;53.0232558139535;12.7224394326041
"72";46.5116279069767;12.6515980524552;0.465116279069767;0.140237834687332;53.0232558139535;12.7224394326041
"73";46.5116279069767;12.6515980524552;0.465116279069767;0.140237834687332;53.0232558139535;12.6914852994111
"74";47.4418604651163;12.8051128542244;0.465116279069767;0;51.6279069767442;12.8051128542244
"75";47.4418604651163;12.8051128542244;0.465116279069767;0.147082681868297;51.6279069767442;12.781909125376
"76";46.9767441860465;13.3994215743715;0.465116279069767;0.155038759689922;52.5581395348837;13.4462051399756
"77";48.3720930232558;13.6804685240425;0.465116279069767;0.164443437485244;51.1627906976744;13.6625256212357
"78";47.4418604651163;14.6784712713813;0.465116279069767;0.175797429306617;51.6279069767442;14.5671623863474
"79";44.1860465116279;12.3983518040215;0.465116279069767;0;55.3488372093023;12.3983518040215
"80";44.1860465116279;12.3983518040215;0.465116279069767;0.189882925797146;55.3488372093023;12.4340698640393
"81";45.1162790697674;13.6335411799526;0.465116279069767;0;54.4186046511628;13.6335411799526
"82";45.1162790697674;13.6335411799526;0.465116279069767;0;54.4186046511628;13.6335411799526
"83";45.1162790697674;13.6335411799526;0.465116279069767;0;54.4186046511628;13.6335411799526
"84";45.1162790697674;13.6335411799526;0.465116279069767;0;54.4186046511628;13.6335411799526
"85";45.1162790697674;13.6335411799526;0.465116279069767;0;54.4186046511628;13.6335411799526
"86";45.1162790697674;13.6335411799526;0.465116279069767;0;54.4186046511628;13.6335411799526
"87";45.1162790697674;13.6335411799526;0.465116279069767;0;54.4186046511628;13.6335411799526
"88";45.1162790697674;13.6335411799526;0.465116279069767;0;54.4186046511628;13.6335411799526
"89";45.1162790697674;13.6335411799526;0.465116279069767;0;54.4186046511628;13.6335411799526
"90";45.1162790697674;13.6335411799526;0.465116279069767;0.208006323488353;54.4186046511628;13.4586681753264
"91";40;8.4695022286272;0.465116279069767;0;59.5348837209302;8.4695022286272
"92";40;8.4695022286272;0.465116279069767;0;59.5348837209302;8.4695022286272
"93";40;8.4695022286272;0.465116279069767;0.232558139534884;59.5348837209302;8.53839988403992
"94";40.9302325581395;9.94667592703593;0.465116279069767;0;58.1395348837209;9.94667592703593
"95";40.9302325581395;9.94667592703593;0.465116279069767;0;58.1395348837209;9.94667592703593
"96";40.9302325581395;9.94667592703593;0.465116279069767;0;58.1395348837209;9.94667592703593
"97";40.9302325581395;9.94667592703593;0.465116279069767;0;58.1395348837209;9.94667592703593
"98";40.9302325581395;9.94667592703593;0.465116279069767;0;58.1395348837209;9.94667592703593
"99";40.9302325581395;9.94667592703593;0.465116279069767;0;58.1395348837209;9.94667592703593
"100";40.9302325581395;9.94667592703593;0.465116279069767;0.268535008925407;58.6046511627907;10.0727478268408
"101";43.7209302325581;12.4977012488785;0.465116279069767;0;55.8139534883721;12.4977012488785
"102";43.7209302325581;12.4977012488785;0.465116279069767;0;55.8139534883721;12.4977012488785
"103";43.7209302325581;12.4977012488785;0.465116279069767;0;55.8139534883721;12.4977012488785
"104";43.7209302325581;12.4977012488785;0.465116279069767;0;55.8139534883721;12.4977012488785
"105";43.7209302325581;12.4977012488785;0;0.328886874970487;55.8139534883721;12.168814373908
"106";34.8837209302326;NA;0.465116279069767;NA;64.6511627906977;NA
"107";34.8837209302326;NA;0.465116279069767;NA;64.6511627906977;NA
"108";34.8837209302326;NA;0.465116279069767;NA;64.6511627906977;NA
"109";34.8837209302326;NA;0.465116279069767;NA;64.6511627906977;NA
"110";34.8837209302326;NA;0.465116279069767;NA;64.6511627906977;NA
"111";34.8837209302326;NA;0.465116279069767;NA;64.6511627906977;NA
"112";34.8837209302326;NA;0.465116279069767;NA;64.6511627906977;NA
"113";34.8837209302326;NA;0.465116279069767;NA;64.6511627906977;NA
"114";34.8837209302326;NA;0.465116279069767;NA;64.6511627906977;NA
"115";34.8837209302326;NA;0.465116279069767;NA;64.6511627906977;NA
"116";34.8837209302326;NA;0.465116279069767;NA;64.6511627906977;NA
"117";34.8837209302326;NA;0.465116279069767;NA;64.6511627906977;NA
"118";34.8837209302326;NA;0.465116279069767;NA;64.6511627906977;NA
"119";34.8837209302326;NA;0.465116279069767;NA;64.6511627906977;NA
"120";34.8837209302326;NA;0.465116279069767;NA;64.6511627906977;NA
"121";34.8837209302326;NA;0.465116279069767;NA;64.6511627906977;NA
"122";34.8837209302326;NA;0.465116279069767;NA;64.6511627906977;NA
"123";34.8837209302326;NA;0.465116279069767;NA;64.6511627906977;NA
"124";34.8837209302326;NA;0.465116279069767;NA;64.6511627906977;NA
"125";34.8837209302326;NA;0.465116279069767;NA;64.6511627906977;NA
"126";34.8837209302326;NA;0.465116279069767;NA;64.6511627906977;NA
"127";34.8837209302326;NA;0.465116279069767;NA;64.6511627906977;NA
"128";34.8837209302326;NA;0.465116279069767;NA;64.6511627906977;NA
"129";34.8837209302326;NA;0.465116279069767;NA;64.6511627906977;NA
"130";34.8837209302326;NA;0.465116279069767;NA;64.6511627906977;NA
"131";34.8837209302326;NA;0.465116279069767;NA;64.6511627906977;NA
"132";34.8837209302326;NA;0.465116279069767;NA;64.6511627906977;NA
"133";34.8837209302326;NA;0.465116279069767;NA;64.6511627906977;NA
"134";34.8837209302326;NA;0.465116279069767;NA;64.6511627906977;NA
"135";34.8837209302326;NA;0.465116279069767;NA;64.6511627906977;NA
