"allS";"sdAllS";"allI";"sdAllI";"allR";"sdAllR"
"1";100;0;0;0;0;0
"2";100;0;0;0;0;0
"3";99.0697674418605;0;0.930232558139535;0;0;0
"4";98.6046511627907;0.5621034273295;1.3953488372093;0.589780415241747;0;0.143159770058394
"5";97.2093023255814;1.13403865240081;2.32558139534884;1.22687542442204;0;0.206633329450846
"6";95.3488372093023;2.49333745439632;4.18604651162791;2.38885764718223;0;0.491306681196655
"7";93.4883720930233;3.73276880480175;6.04651162790698;3.41255845483288;0.465116279069767;0.608779803418852
"8";90.6976744186046;5.21568065538754;7.90697674418605;4.51016392858614;0.930232558139535;1.01762107181966
"9";87.9069767441861;6.95123856793201;10.2325581395349;6.01247363182406;1.86046511627907;1.45897373743118
"10";85.1162790697674;8.50914612239103;11.6279069767442;7.22306894220053;2.7906976744186;1.89622907975126
"11";80.9302325581395;10.0719942170966;14.4186046511628;8.28161820875655;4.18604651162791;2.62411372070537
"12";77.6744186046512;12.1207144067301;16.2790697674419;9.64223270656878;6.04651162790698;3.33603640175969
"13";73.953488372093;13.6054793360861;18.6046511627907;10.3089270884586;7.44186046511628;3.92607353876091
"14";70.6976744186046;14.5046850708973;20;10.5706182984965;9.30232558139535;4.5782397085995
"15";67.4418604651163;15.2184663905161;21.8604651162791;10.4329863242015;10.6976744186047;5.48709954889555
"16";64.1860465116279;15.8794572998587;22.3255813953488;10.4834298861075;13.0232558139535;6.3589769723755
"17";62.3255813953488;16.1183415879551;22.3255813953488;9.95176218014346;15.3488372093023;7.19597527525792
"18";60;16.3823731680491;22.3255813953488;10.1765836712567;17.6744186046512;7.96206440494105
"19";58.6046511627907;16.554373923339;21.3953488372093;9.60522757671813;20;8.97922494258557
"20";57.2093023255814;16.8821476904566;20.4651162790698;9.31856327950275;21.8604651162791;9.98235201034285
"21";56.7441860465116;17.0474375271412;19.5348837209302;9.43828294897639;23.7209302325581;10.4272248731839
"22";55.8139534883721;17.0295061574715;18.1395348837209;8.56716982878947;25.5813953488372;11.2082013010624
"23";55.3488372093023;17.1656538072283;16.7441860465116;8.01716804579714;27.4418604651163;11.7896542993223
"24";54.8837209302326;17.2639093051572;15.3488372093023;7.38871612972709;29.3023255813954;12.1382368323689
"25";54.8837209302326;17.2840496667799;14.4186046511628;6.76742994302419;30.6976744186047;12.6528306674108
"26";54.4186046511628;17.3984772581411;13.0232558139535;6.01925039064475;32.093023255814;13.2396870795558
"27";54.4186046511628;17.476976301078;12.093023255814;5.86295142611716;33.4883720930233;13.6145423597534
"28";54.4186046511628;17.628010680095;11.1627906976744;5.73907996365888;34.4186046511628;13.6551357208181
"29";54.4186046511628;17.6215504831177;10.2325581395349;5.36952226420985;35.3488372093023;14.0164949480438
"30";53.953488372093;17.6481297902159;9.30232558139535;5.06995334522165;36.7441860465116;14.3492539065632
"31";53.953488372093;17.6657196914247;8.37209302325581;4.54398477201639;37.2093023255814;14.6338937037542
"32";53.953488372093;17.6305582179005;7.44186046511628;4.23188406927333;38.1395348837209;14.9090292104933
"33";53.953488372093;17.6255704395286;6.97674418604651;3.85124714851919;39.0697674418605;15.059733762062
"34";52.093023255814;16.5304457656385;6.51162790697674;3.36084469734081;41.3953488372093;14.8078368396689
"35";52.093023255814;16.5579012878847;5.58139534883721;3.09758157471278;41.8604651162791;14.9240646792501
"36";52.093023255814;16.5579012878847;5.11627906976744;2.77456450308448;42.3255813953488;15.0652030340382
"37";52.093023255814;16.5522429815691;4.65116279069767;2.68021141505826;43.2558139534884;15.1913088778085
"38";52.093023255814;16.5473090682285;4.18604651162791;2.42717738943442;43.2558139534884;15.3657320182464
"39";52.093023255814;16.5473090682285;3.72093023255814;2.18628258209904;43.7209302325581;15.5616797495153
"40";52.093023255814;16.543100196005;3.72093023255814;2.14778638414604;44.1860465116279;15.6540153875596
"41";52.093023255814;16.543100196005;3.25581395348837;2.03053081425767;44.6511627906977;15.7179025569449
"42";52.093023255814;16.543100196005;2.7906976744186;1.77808174935866;44.6511627906977;15.8791784546597
"43";52.093023255814;16.5368596939456;2.7906976744186;1.62344948108028;45.1162790697674;15.9597368243874
"44";52.093023255814;16.5368596939456;2.7906976744186;1.53203916841103;45.1162790697674;15.9917758125774
"45";52.093023255814;16.5368596939456;2.32558139534884;1.58377189699297;45.1162790697674;16.0193381123591
"46";52.093023255814;16.5335247617515;2.32558139534884;1.48160225078657;45.5813953488372;16.0576213163301
"47";52.093023255814;16.5335247617515;2.32558139534884;1.27848236453261;45.5813953488372;16.0931339597499
"48";52.093023255814;16.5335247617515;1.86046511627907;1.0284107877071;46.046511627907;16.2263929607628
"49";52.093023255814;16.5335247617515;1.3953488372093;0.951274404771932;46.5116279069767;16.2833685940209
"50";52.093023255814;16.5335247617515;1.3953488372093;0.763245816795538;46.5116279069767;16.2685132862308
"51";52.093023255814;16.5335247617515;0.930232558139535;0.66045526839711;46.5116279069767;16.3303861883154
"52";52.093023255814;16.5335247617515;0.930232558139535;0.613853068841756;46.5116279069767;16.3554761325401
"53";52.093023255814;16.5335247617515;0.930232558139535;0.647482706665964;46.9767441860465;16.3280482661577
"54";51.1627906976744;16.4820740886805;0.930232558139535;0.551199442350363;47.906976744186;16.3065529195932
"55";49.7674418604651;16.2731993845107;0.930232558139535;0.533702774513442;49.3023255813954;16.1773120868885
"56";49.7674418604651;16.2731993845107;0.930232558139535;0.600462534295723;49.3023255813954;16.1450742230988
"57";48.3720930232558;14.5942411800108;0.930232558139535;0.590146256063464;50.2325581395349;14.5059717560979
"58";48.3720930232558;15.1423562969358;0.930232558139535;0.502382999876578;50.6976744186047;15.0851015574607
"59";48.3720930232558;15.1423562969358;0.930232558139535;0.443755156950246;50.6976744186047;15.1163249391534
"60";48.3720930232558;15.1423562969358;0.930232558139535;0.440619038805275;50.6976744186047;15.0888701558253
"61";47.906976744186;15.7888537700237;0.930232558139535;0.418761226687684;51.1627906976744;15.7518055018206
"62";49.3023255813954;16.0641812205001;0.930232558139535;0.381488154541732;49.7674418604651;16.0265525287883
"63";49.3023255813954;16.0641812205001;0.930232558139535;0.381488154541732;49.7674418604651;16.0265525287883
"64";49.3023255813954;16.0641812205001;0.465116279069767;0.313581331378252;50.2325581395349;16.0871807454107
"65";49.3023255813954;16.0641812205001;0.465116279069767;0.313581331378252;50.2325581395349;16.0871807454107
"66";49.3023255813954;16.0641812205001;0.465116279069767;0.313581331378252;50.2325581395349;16.0871807454107
"67";49.3023255813954;16.0641812205001;0.465116279069767;0.280475669374664;50.2325581395349;16.1095370428725
"68";50.2325581395349;16.3737372911695;0.465116279069767;0.147082681868297;48.8372093023256;16.3887776154557
"69";50.2325581395349;16.3737372911695;0.465116279069767;0.219257916646991;48.8372093023256;16.3796083291477
"70";49.7674418604651;17.326925359316;0.465116279069767;0.232558139534884;49.3023255813954;17.3923500572635
"71";51.6279069767442;17.6319651006099;0.465116279069767;0.215306999947105;47.906976744186;17.6183759154693
"72";51.1627906976744;18.4866412333961;0.465116279069767;0;48.3720930232558;18.4866412333961
"73";51.1627906976744;18.4866412333961;0.465116279069767;0;48.3720930232558;18.4866412333961
"74";51.1627906976744;18.4866412333961;0.465116279069767;0;48.3720930232558;18.4866412333961
"75";51.1627906976744;18.4866412333961;0.465116279069767;0.240185013718289;48.3720930232558;18.3086924890833
"76";42.3255813953488;8.81985239594637;0.465116279069767;0;57.2093023255814;8.81985239594637
