"allS";"sdAllS";"allI";"sdAllI";"allR";"sdAllR"
"1";100;0;0;0;0;0
"2";100;0;0;0;0;0
"3";98.5714285714286;0;1.42857142857143;0;0;0
"4";94.2857142857143;3.48311871808821;5.71428571428571;3.56013251180503;0;0.31943828249997
"5";77.1428571428572;14.3913388441512;22.8571428571429;14.1686936482955;0;0.747354805400853
"6";47.1428571428571;23.4521932997594;51.4285714285714;22.3605596850955;1.42857142857143;1.61225169613381
"7";18.5714285714286;15.7195821559574;74.2857142857143;13.3135370404887;5.71428571428571;3.15292304662138
"8";5.71428571428571;6.85079593484755;81.4285714285714;4.94654562712667;12.8571428571429;5.12936827537309
"9";2.85714285714286;1.98138490554744;75.7142857142857;4.94600273675274;21.4285714285714;5.61760314469612
"10";1.42857142857143;0.926979549318643;68.5714285714286;6.64263480911784;28.5714285714286;6.7866046111607
"11";1.42857142857143;0.994074819912085;62.8571428571429;6.34659511884742;35.7142857142857;6.45732916092936
"12";1.42857142857143;0.816057957967828;55.7142857142857;5.35476137542609;42.8571428571429;5.42253324654463
"13";1.42857142857143;0.838775640874857;50;4.33493043911003;47.1428571428571;4.27065021700997
"14";0;0.732841680060824;45.7142857142857;4.98116754136899;52.8571428571429;4.97037409956042
"15";0;0.729168265048629;41.4285714285714;5.60803474540706;57.1428571428571;5.58644592635401
"16";0;0.729168265048629;38.5714285714286;5.79640245478437;60;5.9079040067484
"17";0;0.729168265048629;34.2857142857143;6.25754110038328;64.2857142857143;6.30584609324275
"18";0;0.718035271357192;30;6.72419681234969;68.5714285714286;6.62766068412764
"19";0;0.718035271357192;25.7142857142857;5.85173049033117;72.8571428571428;5.87371577937919
"20";0;0.699086407042276;24.2857142857143;5.65951192135593;74.2857142857143;5.74194434072902
"21";0;0.699086407042276;21.4285714285714;5.54253157713748;77.1428571428572;5.60564009362812
"22";0;0.699086407042276;20;5.4329226724452;78.5714285714286;5.50119604220181
"23";0;0.699086407042276;18.5714285714286;4.8361998734437;80;4.83675508840144
"24";0;0.699086407042276;17.1428571428571;4.71531089331584;82.8571428571429;4.80053255191077
"25";0;0.699086407042276;14.2857142857143;5.39473029262656;84.2857142857143;5.39721852221904
"26";0;0.699086407042276;14.2857142857143;4.62097213350683;85.7142857142857;4.59942087607493
"27";0;0.671660494259467;12.8571428571429;4.23465828929179;85.7142857142857;4.04791389166428
"28";0;0.671660494259467;11.4285714285714;4.3380265972357;87.1428571428571;4.18426288059444
"29";0;0.671660494259467;11.4285714285714;4.43111738604797;88.5714285714286;4.27065021700997
"30";0;0.646305611941234;10;3.35296759505956;88.5714285714286;3.34584119466487
"31";0;0.646305611941234;8.57142857142857;3.47874730016058;90;3.52645027380167
"32";0;0.646305611941234;8.57142857142857;3.51797932648731;90;3.57852261191956
"33";0;0.646305611941234;7.14285714285714;3.16057888074943;91.4285714285714;3.20557159069294
"34";0;0.646305611941234;7.14285714285714;3.2259835407928;91.4285714285714;3.30817574102411
"35";0;0.646305611941234;5.71428571428571;2.55737363785947;92.8571428571429;2.66702468058607
"36";0;0.646305611941234;5.71428571428571;2.36081711556755;92.8571428571429;2.40340292626303
"37";0;0.646305611941234;4.28571428571429;2.36081711556755;94.2857142857143;2.3506848065093
"38";0;0.65841228423211;4.28571428571429;2.18523303807754;94.2857142857143;2.14363509065654
"39";0;0.670954597591232;4.28571428571429;2.15681727188413;94.2857142857143;1.94846570599613
"40";0;0.63887656499994;4.28571428571429;1.91441008835478;94.2857142857143;1.82341161890912
"41";0;0.63887656499994;4.28571428571429;1.87853974262613;95.7142857142857;1.89655972105025
"42";0;0.63887656499994;4.28571428571429;1.87853974262613;95.7142857142857;1.89655972105025
"43";0;0.63887656499994;2.85714285714286;1.79757962744542;95.7142857142857;1.79757962744542
"44";0;0.653911011738662;2.85714285714286;1.51442689625517;95.7142857142857;1.50799617974785
"45";0;0.653911011738662;2.85714285714286;1.51442689625517;95.7142857142857;1.50799617974785
"46";0;0.653911011738662;2.85714285714286;1.47542222712663;95.7142857142857;1.44883586524889
"47";0;0.653911011738662;2.85714285714286;1.54617934080619;95.7142857142857;1.47542222712663
"48";0;0.653911011738662;2.85714285714286;1.4080153722988;97.1428571428571;1.41490057410289
"49";0;0.653911011738662;1.42857142857143;1.41490057410289;97.1428571428571;1.47542222712663
"50";0;0.669724615626422;1.42857142857143;1.21661518178949;97.1428571428571;1.30553361923339
"51";0;0.686263516307516;1.42857142857143;0.943178988247892;97.1428571428571;1.03573007440283
"52";0;0.686263516307516;1.42857142857143;1.09706806826901;97.1428571428571;1.07295373742687
"53";0;0.646095738380922;1.42857142857143;1.13280208728394;97.1428571428571;1.26803623514085
"54";0;0.667284809281305;2.85714285714286;0.982216644217612;97.1428571428571;1.07251027647078
"55";0;0.667284809281305;1.42857142857143;1.07251027647078;97.1428571428571;0.982216644217612
"56";0;0.602338601936834;1.42857142857143;1.2508500511013;97.1428571428571;1.35526185435788
"57";0;0.661300071266108;1.42857142857143;1.26629322918274;97.1428571428571;1.32260014253222
"58";0;0.697071480677524;1.42857142857143;1.35884247315906;97.1428571428571;1.39414296135505
"59";0;0.737711113563317;2.85714285714286;1.19522860933439;97.1428571428571;1.07538950387012
"60";0;0.737711113563317;1.42857142857143;1.47542222712663;97.1428571428571;1.47542222712663
"61";0;0.782460796435951;2.85714285714286;1.27775312999988;97.1428571428571;1.01015254455221
"62";0;0.782460796435951;1.42857142857143;1.5649215928719;97.1428571428571;1.62882203585591
"63";0;0.824786098842322;1.42857142857143;1.16642368703961;97.1428571428571;1.42857142857143
"64";1.42857142857143;0.824786098842322;1.42857142857143;0;97.1428571428571;0.824786098842322
"65";1.42857142857143;0.824786098842322;1.42857142857143;0.824786098842322;97.1428571428571;0.824786098842322
"66";0;1.01015254455221;1.42857142857143;0;97.1428571428571;1.01015254455221
"67";0;1.01015254455221;1.42857142857143;0;97.1428571428571;1.01015254455221
"68";0;1.01015254455221;1.42857142857143;0;97.1428571428571;1.01015254455221
"69";0;1.01015254455221;1.42857142857143;0;97.1428571428571;1.01015254455221
"70";0;1.01015254455221;1.42857142857143;0;97.1428571428571;1.01015254455221
"71";0;1.01015254455221;1.42857142857143;0;97.1428571428571;1.01015254455221
"72";0;1.01015254455221;1.42857142857143;0;97.1428571428571;1.01015254455221
"73";0;1.01015254455221;0;1.01015254455221;98.5714285714286;2.02030508910442
"74";1.42857142857143;NA;1.42857142857143;NA;97.1428571428571;NA
"75";1.42857142857143;NA;1.42857142857143;NA;97.1428571428571;NA
"76";1.42857142857143;NA;1.42857142857143;NA;97.1428571428571;NA
"77";1.42857142857143;NA;1.42857142857143;NA;97.1428571428571;NA
"78";1.42857142857143;NA;1.42857142857143;NA;97.1428571428571;NA
"79";1.42857142857143;NA;1.42857142857143;NA;97.1428571428571;NA
"80";1.42857142857143;NA;1.42857142857143;NA;97.1428571428571;NA
"81";1.42857142857143;NA;1.42857142857143;NA;97.1428571428571;NA
"82";1.42857142857143;NA;1.42857142857143;NA;97.1428571428571;NA
"83";1.42857142857143;NA;1.42857142857143;NA;97.1428571428571;NA
"84";1.42857142857143;NA;1.42857142857143;NA;97.1428571428571;NA
