"allS";"sdAllS";"allI";"sdAllI";"allR";"sdAllR"
"1";100;0;0;0;0;0
"2";100;0;0;0;0;0
"3";98.5714285714286;0;1.42857142857143;0;0;0
"4";92.8571428571429;2.65749856136405;7.14285714285714;2.65749856136405;0;0
"5";72.8571428571428;9.40895658493469;25.7142857142857;9.04695947998211;0;0.816057957967828
"6";38.5714285714286;18.3408180535746;58.5714285714286;16.9437053636462;2.85714285714286;2.63313595184976
"7";11.4285714285714;9.9126149704893;78.5714285714286;7.71226651379519;8.57142857142857;4.45227708187043
"8";2.85714285714286;1.57006092228224;78.5714285714286;5.46249786467598;17.1428571428571;5.6628322571777
"9";1.42857142857143;1.30272786589856;72.8571428571428;6.15063330159921;24.2857142857143;5.7217995711992
"10";0;0.983210288016693;67.1428571428571;6.11209292420124;31.4285714285714;5.83334612038903
"11";0;0.854632916594456;61.4285714285714;6.24379391123819;38.5714285714286;6.12218939657365
"12";0;0.854632916594456;54.2857142857143;6.29391126500964;44.2857142857143;6.17677295742379
"13";0;0.838775640874857;50;6.32922398577296;48.5714285714286;6.00930177649876
"14";0;0.816057957967828;44.2857142857143;5.79640245478437;54.2857142857143;5.69734330459359
"15";0;0.785885148885972;40;6.41016579847275;58.5714285714286;6.25968637148761
"16";0;0.747354805400853;35.7142857142857;5.53234799417741;62.8571428571429;5.45019437172484
"17";0;0.699086407042276;32.8571428571429;4.81895648125258;67.1428571428571;4.73293191038215
"18";0;0.699086407042276;28.5714285714286;5.05820047561951;70;5.02357492711467
"19";0;0.699086407042276;25.7142857142857;5.20833422842814;72.8571428571428;5.21297233433472
"20";0;0.439705008036495;22.8571428571429;5.08784275811043;75.7142857142857;5.12779749956673
"21";0;0.439705008036495;21.4285714285714;5.67420151524958;78.5714285714286;5.7006416055879
"22";0;0.439705008036495;18.5714285714286;5.58644592635401;80;5.59029003203949
"23";0;0.439705008036495;17.1428571428571;5.77040115920297;81.4285714285714;5.76853943914833
"24";0;0.439705008036495;15.7142857142857;5.38326962326193;84.2857142857143;5.42500872407442
"25";0;0.439705008036495;14.2857142857143;4.71474137693073;84.2857142857143;4.75557223050259
"26";0;0.439705008036495;12.8571428571429;4.28007147314766;87.1428571428571;4.32003799163785
"27";0;0.439705008036495;11.4285714285714;4.19707841712868;87.1428571428571;4.22004830939407
"28";0;0.439705008036495;10;4.0032210446771;90;4.03795100702368
"29";0;0.439705008036495;8.57142857142857;3.62812145691437;90;3.67518458584932
"30";0;0.439705008036495;7.14285714285714;3.53819120349384;91.4285714285714;3.57443482496712
"31";0;0.439705008036495;7.14285714285714;3.14695563250482;92.8571428571429;3.1977435653558
"32";0;0.439705008036495;5.71428571428571;2.97771890578132;92.8571428571429;2.99928383861477
"33";0;0.450431096631865;5.71428571428571;2.42318435393921;94.2857142857143;2.42810453028228
"34";0;0.450431096631865;5.71428571428571;2.14076756932959;94.2857142857143;2.17395974357909
"35";0;0.450431096631865;4.28571428571429;2.01142458418379;94.2857142857143;2.08713401972149
"36";0;0.450431096631865;4.28571428571429;2.0756661635908;94.2857142857143;2.12397697621437
"37";0;0.461972619116825;4.28571428571429;1.9599838302001;95.7142857142857;1.99372096910636
"38";0;0.474436545825051;2.85714285714286;1.68408267427152;95.7142857142857;1.67962152027787
"39";0;0.474436545825051;2.85714285714286;1.38049350049972;95.7142857142857;1.44942758913112
"40";0;0.474436545825051;2.85714285714286;1.22498989387506;97.1428571428571;1.33630620956212
"41";0;0.474436545825051;2.85714285714286;1.07492426936689;97.1428571428571;1.22498989387506
"42";0;0.474436545825051;2.85714285714286;1.0026974423346;97.1428571428571;1.07492426936689
"43";0;0.474436545825051;1.42857142857143;1.38591785735047;97.1428571428571;1.33067963211035
"44";0;0.396214425875164;1.42857142857143;0.943178988247892;97.1428571428571;0.943178988247892
"45";0;0.396214425875164;1.42857142857143;0.92920519369713;97.1428571428571;0.943178988247892
"46";0;0.396214425875164;1.42857142857143;0.855920985021826;97.1428571428571;0.900607388508736
"47";0;0.396214425875164;1.42857142857143;0.824786098842322;97.1428571428571;0.915018021743355
"48";0;0.430730492253948;1.42857142857143;0.577885596397065;97.1428571428571;0.667284809281305
"49";0;0.430730492253948;1.42857142857143;0.903507902905251;97.1428571428571;1.00092721392196
"50";0;0.476190476190476;1.42857142857143;0.629940788348712;97.1428571428571;0.714285714285714
"51";0;0.476190476190476;1.42857142857143;0.476190476190476;97.1428571428571;0.629940788348712
"52";0;0.476190476190476;1.42857142857143;0.476190476190476;97.1428571428571;0.629940788348712
"53";0;0.476190476190476;1.42857142857143;0.476190476190476;98.5714285714286;0.714285714285714
"54";0;0.505076272276105;1.42857142857143;0.505076272276105;98.5714285714286;0.763603548321213
"55";0;0.539949247156039;1.42857142857143;0;97.1428571428571;0.539949247156039
"56";0;0.539949247156039;1.42857142857143;0;97.1428571428571;0.539949247156039
"57";0;0.539949247156039;1.42857142857143;0.539949247156039;98.5714285714286;0.824786098842322
"58";0;0.583211843519804;1.42857142857143;0;97.1428571428571;0.583211843519804
"59";0;0.583211843519804;1.42857142857143;0;97.1428571428571;0.583211843519804
"60";0;0.583211843519804;1.42857142857143;0;97.1428571428571;0.583211843519804
"61";0;0.583211843519804;1.42857142857143;0;97.1428571428571;0.583211843519804
"62";0;0.583211843519804;1.42857142857143;0.583211843519804;98.5714285714286;0.903507902905251
"63";0;0.63887656499994;1.42857142857143;0.63887656499994;98.5714285714286;0
"64";0;0;1.42857142857143;0;98.5714285714286;0
"65";0;0;1.42857142857143;0.714285714285714;98.5714285714286;0.714285714285714
"66";0;0;1.42857142857143;0;98.5714285714286;0
"67";0;0;1.42857142857143;0;98.5714285714286;0
"68";0;0;1.42857142857143;0;98.5714285714286;0
"69";0;0;1.42857142857143;0;98.5714285714286;0
"70";0;0;1.42857142857143;0;98.5714285714286;0
"71";0;0;0;0.824786098842322;98.5714285714286;0.824786098842322
"72";0;NA;1.42857142857143;NA;98.5714285714286;NA
"73";0;NA;1.42857142857143;NA;98.5714285714286;NA
"74";0;NA;1.42857142857143;NA;98.5714285714286;NA
"75";0;NA;1.42857142857143;NA;98.5714285714286;NA
"76";0;NA;1.42857142857143;NA;98.5714285714286;NA
"77";0;NA;1.42857142857143;NA;98.5714285714286;NA
"78";0;NA;1.42857142857143;NA;98.5714285714286;NA
"79";0;NA;1.42857142857143;NA;98.5714285714286;NA
"80";0;NA;1.42857142857143;NA;98.5714285714286;NA
"81";0;NA;1.42857142857143;NA;98.5714285714286;NA
"82";0;NA;1.42857142857143;NA;98.5714285714286;NA
"83";0;NA;1.42857142857143;NA;98.5714285714286;NA
