"allS";"sdAllS";"allI";"sdAllI";"allR";"sdAllR"
"1";100;0;0;0;0;0
"2";100;0;0;0;0;0
"3";99.0024310503814;0;0.997568949618577;0;0;0
"4";98.382094056501;0.313601643189071;1.5173107553022;0.30941036385289;0.100595188196831;0.0192317657700194
"5";92.2625534411937;1.37347960883718;7.47757565596446;1.37768697458685;0.251487970492078;0.0488501993446435
"6";84.7346801911309;1.89984592704422;14.2761337916003;1.8007360693739;0.989186017268841;0.120774110955472
"7";76.1002598709028;1.97668107791585;21.460306815324;1.70451710700708;2.43943331377316;0.33095712090823
"8";68.5640036884902;2.03181507421355;26.825383519155;1.70057942296963;4.60222986000503;0.458034894908464
"9";62.5115265319809;1.92730773885351;30.1953223237488;1.48142005858706;7.28476821192053;0.595048982859631
"10";57.9260625366753;1.87233581475977;31.7880794701987;1.2839864850351;10.2774750607763;0.705981854645237
"11";54.5980383938302;1.8410606135555;31.8970575907452;1.17867748912705;13.5049040154246;0.821284670593175
"12";52.0496269595104;1.79243827972529;31.2515717998156;1.12130562523796;16.6904183083243;0.856120257675961
"13";50.2389135719675;1.75046233646727;29.8935367591584;0.986890854411345;19.8675496688742;0.948469275406879
"14";48.8724955989605;1.72090112827581;28.2923966803588;0.892690734927956;22.8351077206807;1.0261889825389
"15";47.8162461228938;1.71758355288051;26.5152150222148;0.805542430679185;25.6601559225417;1.09612047519278
"16";47.0450163467181;1.67101934294078;24.6290552435242;0.726937850786945;28.3259284097577;1.14875669081094
"17";46.4665940145863;1.67536051422641;22.7093637354347;0.661180583359384;30.8156593176293;1.20591023326582
"18";46.0306815324;1.66643977274259;20.8735015508425;0.669753111393483;33.0958169167575;1.22357528385121
"19";45.7037471707603;1.65626798403435;19.1047028250482;0.652140641727033;35.1915500041915;1.23501931647757
"20";45.4354933355688;1.63901340199026;17.4784139491994;0.660254696489657;37.0777097828821;1.25388834189538
"21";45.2343029591751;1.64307837646569;15.9527202615475;0.660081018157299;38.8129767792774;1.23871824225541
"22";45.0666443121804;1.6425887058742;14.5024729650432;0.591175220422238;40.4224997904267;1.29831911553034
"23";44.9492832592841;1.63798400979492;13.1612037890854;0.552868780188078;41.8895129516305;1.3385767656741
"24";44.8486880710873;1.62270859989058;11.9205298013245;0.497914092761047;43.2223991952385;1.3492831293748
"25";44.7732416799396;1.62453583902529;10.8307485958588;0.469782086046091;44.3960097242015;1.3640979073818
"26";44.7061782211418;1.62336358991194;9.80803084919105;0.417276138432005;45.4857909296672;1.40751143523052
"27";44.6474976946936;1.61542230515806;8.91944002011904;0.385661643600234;46.4246793528376;1.43373368452871
"28";44.5972001005952;1.61237087250686;8.07276385279571;0.370600667332652;47.3300360466091;1.45995046302732
"29";44.5469025064968;1.60862219130348;7.32668287366921;0.361080179523345;48.1180316874843;1.47088210870227
"30";44.4966049123984;1.60131418438617;6.6476653533406;0.320779857473386;48.8473468019113;1.49844824733282
"31";44.4630731829994;1.60114331277406;6.02732835946014;0.298606840497162;49.5012155251907;1.50976808826615
"32";44.4379243859502;1.59841521289549;5.46567189202783;0.29946644507196;50.0880207896722;1.50280320612271
"33";44.412775588901;1.60051764809671;4.92916422164473;0.268266243850468;50.6496772571045;1.50799266463271
"34";44.3960097242015;1.6045805110683;4.45972001005952;0.274715188608449;51.1358873333892;1.48482160309152
"35";44.3792438595021;1.60552857844805;4.03219046022299;0.283852979716806;51.5801827479252;1.50913732043929
"36";44.3624779948026;1.60800242679019;3.6633414368346;0.264670953524245;51.9741805683628;1.51609871932137
"37";44.3540950624528;1.60721282969354;3.30287534579596;0.240564714669419;52.3430295917512;1.53540713791194
"38";44.3457121301031;1.60348617008309;2.95917511945679;0.206618899085753;52.6951127504401;1.56101862755743
"39";44.3373291977534;1.60061585758778;2.66577248721603;0.205444862466475;52.9968983150306;1.55870934484382
"40";44.3289462654036;1.60045103552386;2.39751865202448;0.193114126721569;53.2651521502221;1.55828881629061
"41";44.3289462654036;1.59936155824788;2.15441361388214;0.188068085471555;53.5082571883645;1.55497234717377
"42";44.3289462654036;1.60096907309361;1.92807444043927;0.163885227237247;53.7429792941571;1.57998196844553
"43";44.3205633330539;1.60280725036518;1.75203286109481;0.158179958210602;53.9274038058513;1.58975381725123
"44";44.3205633330539;1.60477279677512;1.59275714644983;0.161876184150452;54.0866795204963;1.59930258706275
"45";44.3205633330539;1.60579572436003;1.41671556710537;0.141749333985522;54.2627210998407;1.56947328600279
"46";44.3205633330539;1.60594635225418;1.27420571715986;0.136653165350852;54.3968480174365;1.57005878989455
"47";44.3205633330539;1.60594635225418;1.15684466426356;0.122770386974708;54.5225920026825;1.5738294690421
"48";44.3205633330539;1.60679411915698;1.03948361136726;0.114504938532487;54.6399530555788;1.57871455531246
"49";44.3121804007042;1.60658676612871;0.938888423170425;0.112583059058909;54.7489311761254;1.58764831025318
"50";44.3121804007042;1.60437632993855;0.838293234973594;0.0976805219349897;54.8411434319725;1.58750107180439
"51";44.3121804007042;1.60480039597906;0.746080979126499;0.104131620716283;54.9417386201693;1.58890237049158
"52";44.3121804007042;1.60508897801486;0.670634587978875;0.102305040601534;55.017185011317;1.60317595945884
"53";44.3121804007042;1.60527371471692;0.603571129180988;0.0935413396428425;55.0842484701149;1.60106130640357
"54";44.3121804007042;1.60577637663409;0.544890602732836;0.0790563599318018;55.142928996563;1.59166414559445
"55";44.3121804007042;1.60596299185449;0.486210076284684;0.0663760651432954;55.2016095230112;1.59084510819871
"56";44.3037974683544;1.60521409668289;0.435912482186269;0.0703617220814596;55.2519071171096;1.58996319106173
"57";44.3037974683544;1.60521409668289;0.385614888087853;0.0629836658773136;55.302204711208;1.58589407340715
"58";44.3037974683544;1.60521409668289;0.352083158688909;0.0530531883995326;55.3441193729567;1.59096321040665
"59";44.3037974683544;1.60521409668289;0.301785564590494;0.0411038222218208;55.3860340347053;1.58819829515929
"60";44.3037974683544;1.60535665786379;0.276636767541286;0.0413795920876822;55.4111828317545;1.59334361152971
"61";44.3037974683544;1.605501394911;0.243105038142342;0.0382127007180944;55.4447145611535;1.59519376390328
"62";44.3037974683544;1.6059378884467;0.22633917344287;0.0416135594982116;55.4698633582027;1.59821388900181
"63";44.3037974683544;1.6059378884467;0.201190376393663;0.0351762612475279;55.4866292229022;1.60398109099332
"64";44.3037974683544;1.60622960498258;0.176041579344455;0.0311174486857279;55.5117780199514;1.60270311737327
"65";44.3037974683544;1.60622960498258;0.159275714644983;0.0311619891665897;55.5369268170006;1.60471771218493
"66";44.3037974683544;1.60622960498258;0.142509849945511;0.029453497936942;55.5536926817001;1.60330422634403
"67";44.3037974683544;1.60622960498258;0.125743985246039;0.0283823334888172;55.5620756140498;1.60340774361788
"68";44.3037974683544;1.60622960498258;0.117361052896303;0.0275860222958507;55.5788414787493;1.59958100445937
"69";44.3037974683544;1.60622960498258;0.100595188196831;0.0262673818584506;55.587224411099;1.60217138556853
"70";44.3037974683544;1.60622960498258;0.0922122558470953;0.0225266295232182;55.5956073434487;1.60230567676471
"71";44.3037974683544;1.60622960498258;0.0922122558470953;0.0234714226964556;55.6039902757985;1.6010097903946
"72";44.3037974683544;1.60622960498258;0.0754463911476234;0.0253538576124416;55.6123732081482;1.59892182368415
"73";44.3037974683544;1.60622960498258;0.0670634587978875;0.0240358605516128;55.620756140498;1.60327302567663
"74";44.3037974683544;1.60622960498258;0.0670634587978875;0.0219064923478446;55.6291390728477;1.60716795457531
"75";44.3037974683544;1.60622960498258;0.0586805264481516;0.0230620868839335;55.6291390728477;1.60468423412003
"76";44.3037974683544;1.60622960498258;0.0502975940984156;0.0214845594942472;55.6375220051974;1.60637973170256
"77";44.3037974683544;1.60622960498258;0.0502975940984156;0.0211374516930621;55.6459049375472;1.60620335439096
"78";44.3037974683544;1.60622960498258;0.0419146617486797;0.0165158212266831;55.6542878698969;1.60359694093004
"79";44.3037974683544;1.60622960498258;0.0335317293989437;0.0139413721738423;55.6542878698969;1.60218754496739
"80";44.3037974683544;1.60622960498258;0.0335317293989437;0.011940743027173;55.6626708022466;1.60121653744819
"81";44.3037974683544;1.60622960498258;0.0251487970492078;0.00980631489421748;55.6626708022466;1.60606610747059
"82";44.3037974683544;1.60622960498258;0.0251487970492078;0.00906140722230834;55.6710537345964;1.60606380456987
"83";44.3037974683544;1.60622960498258;0.0251487970492078;0.00880260419793999;55.6710537345964;1.60556820108448
"84";44.3037974683544;1.60622960498258;0.0167658646994719;0.00871816479581908;55.6710537345964;1.60476496058895
"85";44.3037974683544;1.60622960498258;0.0167658646994719;0.00666207908658753;55.6710537345964;1.60572524223617
"86";44.3037974683544;1.60622960498258;0.0167658646994719;0.00660632849067325;55.6710537345964;1.60536863818635
"87";44.3037974683544;1.60622960498258;0.0167658646994719;0.00733585363329215;55.6794366669461;1.60510487761305
"88";44.253499874256;1.63344728305037;0.0167658646994719;0.00696368166726331;55.7297342610445;1.63417270304273
"89";44.3624779948026;1.68850259252742;0.0167658646994719;0.0052331651676318;55.620756140498;1.68831024735012
"90";44.3624779948026;1.68850259252742;0.00838293234973594;0.00508289934270125;55.620756140498;1.6888387231799
"91";44.3624779948026;1.68850259252742;0.00838293234973594;0.004066319474161;55.620756140498;1.68791370536097
"92";44.3289462654036;1.73892266354;0.00838293234973594;0.0048095438226335;55.6542878698969;1.7389439639655
"93";44.4630731829994;1.75348109776451;0.00838293234973594;0.00413738047441382;55.5285438846509;1.75288498551224
"94";44.3876267918518;1.90897644371305;0.00838293234973594;0.00452141746978451;55.5956073434487;1.90880977772939
"95";44.412775588901;2.03401450107358;0.00838293234973594;0.00419146617486797;55.5704585463995;2.03532263102247
"96";44.8151563416883;1.7615659324272;0.00838293234973594;0.00296381415536318;55.1764607259619;1.76085733897113
"97";44.8151563416883;1.7615659324272;0.00838293234973594;0.00296381415536318;55.1764607259619;1.76085733897113
"98";44.8151563416883;1.7615659324272;0.00838293234973594;0.00296381415536318;55.1764607259619;1.76085733897113
"99";44.8151563416883;1.7615659324272;0.00838293234973594;0.00448086582131653;55.1764607259619;1.75898241278408
"100";44.4211585212507;1.47283544405808;0.00838293234973594;0.00483988824871847;55.5704585463995;1.47235028089782
"101";44.4379243859502;1.61215507908801;0.00838293234973594;0.00530183193925456;55.5453097493503;1.61271293230743
"102";44.6810294240926;1.67800049349148;0.00838293234973594;0.00592762831072636;55.3105876435577;1.6780214330313
"103";44.9157515298852;1.84389579501114;0.00838293234973594;0;55.0758655377651;1.84389579501114
"104";44.9157515298852;1.84389579501114;0.00838293234973594;0.00419146617486797;55.0758655377651;1.8456338111157
"105";45.2929834856233;2.05597290682216;0.00838293234973594;0;54.698633582027;2.05597290682216
"106";45.2929834856233;2.05597290682216;0.00838293234973594;0;54.698633582027;2.05597290682216
"107";45.2929834856233;2.05597290682216;0.00838293234973594;0;54.698633582027;2.05597290682216
"108";45.2929834856233;2.05597290682216;0.00838293234973594;0;54.698633582027;2.05597290682216
"109";45.2929834856233;2.05597290682216;0.00838293234973594;0;54.698633582027;2.05597290682216
"110";45.2929834856233;2.05597290682216;0.00838293234973594;0;54.698633582027;2.05597290682216
"111";45.2929834856233;2.05597290682216;0.00838293234973594;0.00483988824871847;54.698633582027;2.05129058499649
"112";44.1445217537094;0.735025910530069;0;0.00592762831072636;55.8470953139408;0.729098282219342
"113";43.6247799480258;NA;0.00838293234973594;NA;56.3668371196244;NA
"114";43.6247799480258;NA;0.00838293234973594;NA;56.3668371196244;NA
"115";43.6247799480258;NA;0.00838293234973594;NA;56.3668371196244;NA
"116";43.6247799480258;NA;0.00838293234973594;NA;56.3668371196244;NA
"117";43.6247799480258;NA;0.00838293234973594;NA;56.3668371196244;NA
"118";43.6247799480258;NA;0.00838293234973594;NA;56.3668371196244;NA
"119";43.6247799480258;NA;0.00838293234973594;NA;56.3668371196244;NA
"120";43.6247799480258;NA;0.00838293234973594;NA;56.3668371196244;NA
"121";43.6247799480258;NA;0.00838293234973594;NA;56.3668371196244;NA
"122";43.6247799480258;NA;0.00838293234973594;NA;56.3668371196244;NA
"123";43.6247799480258;NA;0.00838293234973594;NA;56.3668371196244;NA
"124";43.6247799480258;NA;0.00838293234973594;NA;56.3668371196244;NA
"125";43.6247799480258;NA;0.00838293234973594;NA;56.3668371196244;NA
"126";43.6247799480258;NA;0.00838293234973594;NA;56.3668371196244;NA
"127";43.6247799480258;NA;0.00838293234973594;NA;56.3668371196244;NA
"128";43.6247799480258;NA;0.00838293234973594;NA;56.3668371196244;NA
"129";43.6247799480258;NA;0.00838293234973594;NA;56.3668371196244;NA
"130";43.6247799480258;NA;0.00838293234973594;NA;56.3668371196244;NA
"131";43.6247799480258;NA;0.00838293234973594;NA;56.3668371196244;NA
"132";43.6247799480258;NA;0.00838293234973594;NA;56.3668371196244;NA
"133";43.6247799480258;NA;0.00838293234973594;NA;56.3668371196244;NA
"134";43.6247799480258;NA;0.00838293234973594;NA;56.3668371196244;NA
"135";43.6247799480258;NA;0.00838293234973594;NA;56.3668371196244;NA
"136";43.6247799480258;NA;0.00838293234973594;NA;56.3668371196244;NA
"137";43.6247799480258;NA;0.00838293234973594;NA;56.3668371196244;NA
"138";43.6247799480258;NA;0.00838293234973594;NA;56.3668371196244;NA
"139";43.6247799480258;NA;0.00838293234973594;NA;56.3668371196244;NA
"140";43.6247799480258;NA;0.00838293234973594;NA;56.3668371196244;NA
"141";43.6247799480258;NA;0.00838293234973594;NA;56.3668371196244;NA
"142";43.6247799480258;NA;0.00838293234973594;NA;56.3668371196244;NA
"143";43.6247799480258;NA;0.00838293234973594;NA;56.3668371196244;NA
"144";43.6247799480258;NA;0.00838293234973594;NA;56.3668371196244;NA
"145";43.6247799480258;NA;0.00838293234973594;NA;56.3668371196244;NA
"146";43.6247799480258;NA;0.00838293234973594;NA;56.3668371196244;NA
"147";43.6247799480258;NA;0.00838293234973594;NA;56.3668371196244;NA
"148";43.6247799480258;NA;0.00838293234973594;NA;56.3668371196244;NA
"149";43.6247799480258;NA;0.00838293234973594;NA;56.3668371196244;NA
"150";43.6247799480258;NA;0.00838293234973594;NA;56.3668371196244;NA
