"allS";"sdAllS";"allI";"sdAllI";"allR";"sdAllR"
"1";100;0;0;0;0;0
"2";100;0;0;0;0;0
"3";99.21875;0;0.78125;0;0;0
"4";96.875;1.88448464593283;3.125;1.90483054895449;0;0.240463676269958
"5";81.25;13.1486326936436;17.96875;12.9096127102616;0;0.47794944556367
"6";51.5625;24.1025585996379;46.09375;22.8417835560928;1.5625;1.50312061174907
"7";29.6875;22.9371388571646;63.28125;19.9810236980656;6.25;3.67654281351054
"8";18.75;20.0923602956811;68.75;16.9416266808259;12.5;5.98898738453992
"9";13.28125;15.7726711526796;66.40625;12.2706015600784;19.53125;7.68676228452914
"10";10.15625;9.47667362868918;64.0625;7.88322337918479;25.78125;8.65355816391147
"11";7.03125;3.6847856498157;59.375;7.69465209544155;32.8125;8.78516553876443
"12";6.25;2.92133769921433;54.6875;7.57567775264466;38.28125;7.79466165231839
"13";5.46875;2.81049412713665;50.78125;8.66860013699795;43.75;7.93242206741602
"14";4.6875;2.96138282566297;46.09375;7.61843207987238;48.4375;7.1187798269377
"15";4.6875;3.05745254029956;41.40625;6.27337096028996;53.125;6.20126743052443
"16";4.6875;3.07549419850834;37.5;5.90737829193215;57.03125;5.93420480275848
"17";4.6875;3.07549419850834;34.375;6.45204091806666;60.9375;6.55739628537838
"18";4.6875;3.07549419850834;30.46875;5.6050908632712;64.0625;5.70481767618977
"19";4.6875;3.07549419850834;27.34375;4.57380701079559;67.96875;4.76565870350463
"20";4.6875;3.0951609031005;25;4.26780688125153;70.3125;4.75366017317521
"21";4.6875;3.0951609031005;22.65625;3.88930902466331;72.65625;4.58043543754463
"22";4.6875;3.15285918838267;20.3125;4.41092898888161;75;4.69510834780847
"23";4.6875;3.15285918838267;17.96875;4.17693362268352;77.34375;4.27282193219591
"24";4.6875;3.15285918838267;16.40625;3.79078244220409;78.90625;4.07528983672198
"25";4.6875;3.15285918838267;14.0625;3.30647675241402;80.46875;3.95167303819586
"26";4.6875;3.15285918838267;13.28125;3.21563111825184;82.03125;4.28116729548323
"27";4.6875;3.15285918838267;11.71875;3.20061122120877;83.59375;3.83943218353431
"28";4.6875;3.15285918838267;10.15625;3.07084843422696;84.375;3.79078244220409
"29";4.6875;3.15285918838267;9.375;2.61579094219884;85.9375;3.73815976178189
"30";4.6875;3.15285918838267;8.59375;2.54595015811432;86.71875;3.81237716703669
"31";4.6875;3.15285918838267;7.8125;2.28358448204195;87.5;3.89801764100745
"32";4.6875;3.15285918838267;7.03125;2.49639954550338;88.28125;3.94851043421729
"33";4.6875;3.15285918838267;6.25;2.51136738567525;89.0625;3.61387544258885
"34";4.6875;3.15285918838267;5.46875;2.63347000082563;89.84375;3.51778178643914
"35";4.6875;3.15285918838267;5.46875;2.5276590386449;89.84375;3.57365104851054
"36";4.6875;3.15285918838267;4.6875;2.12321341950843;90.625;3.32316671912931
"37";4.6875;3.13412410700799;3.90625;1.80817188421497;90.625;3.10207232421785
"38";4.6875;3.13412410700799;3.90625;1.75609839671568;91.40625;3.22726493237129
"39";4.6875;3.13412410700799;3.125;1.41631590729929;92.1875;3.17317130447735
"40";4.6875;3.13412410700799;3.125;1.22292264411702;92.1875;3.21396570711644
"41";4.6875;3.13412410700799;2.34375;1.19487361390918;92.1875;3.28861693886868
"42";4.6875;3.18067239417784;2.34375;1.12276238981671;92.96875;3.06701722673963
"43";4.6875;3.21838857908051;2.34375;0.831344325143637;92.96875;3.18263149139488
"44";4.6875;3.21838857908051;1.5625;0.825928343548319;92.96875;3.15501440943037
"45";4.6875;3.21838857908051;1.5625;0.792655712806082;93.75;3.08670818280421
"46";4.6875;3.21838857908051;1.5625;0.977710722030941;93.75;3.22256921116864
"47";4.6875;3.32113303936752;1.5625;0.9283695727081;93.75;3.10130093338193
"48";4.6875;3.32281556292617;1.5625;0.977063172937276;93.75;3.30510634696428
"49";4.6875;3.18581334423397;1.5625;0.961652273276037;93.75;3.05542216084225
"50";4.6875;3.18581334423397;1.5625;1.0267636573012;93.75;3.00660548636879
"51";4.6875;3.3412400307643;0.78125;1.01042154794197;93.75;3.1515209847065
"52";4.6875;3.50935010998396;1.5625;0.988211768802619;93.75;3.24843044364847
"53";4.6875;3.50935010998396;0.78125;1.16752665476354;93.75;3.3400404527033
"54";4.6875;3.87637384439989;1.5625;1.26433374017607;93.75;3.5516098169234
"55";5.46875;4.21199304565744;1.5625;1.07687880875705;92.96875;3.74402736173451
"56";4.6875;4.48793956760784;1.5625;1.01862537581291;93.75;4.11178042716899
"57";4.6875;4.48793956760784;1.5625;1.01862537581291;93.75;4.11178042716899
"58";4.6875;4.48793956760784;1.5625;0.698771242968684;93.75;4.22886518835136
"59";4.6875;4.48793956760784;1.5625;0.698771242968684;93.75;4.22886518835136
"60";4.6875;4.48793956760784;1.5625;0.698771242968684;93.75;4.22886518835136
"61";4.6875;4.48793956760784;1.5625;0.698771242968684;93.75;4.22886518835136
"62";4.6875;4.48793956760784;1.5625;0.698771242968684;93.75;4.22886518835136
"63";4.6875;4.48793956760784;1.5625;0.698771242968684;93.75;4.22886518835136
"64";4.6875;4.48793956760784;0.78125;0.698771242968684;93.75;4.19262745781211
"65";4.6875;4.48793956760784;0.78125;0.698771242968684;93.75;4.19262745781211
"66";4.6875;4.48793956760784;0.78125;0.698771242968684;93.75;4.19262745781211
"67";4.6875;4.48793956760784;0.78125;0.698771242968684;93.75;4.19262745781211
"68";4.6875;4.48793956760784;0.78125;0.855816496101822;93.75;3.88274176243412
"69";3.125;2.50122040524721;0.78125;0.390625;96.09375;2.29993772560621
"70";3.125;2.50122040524721;0.78125;0;96.09375;2.50122040524721
"71";3.125;2.50122040524721;0.78125;0;96.09375;2.50122040524721
"72";3.125;2.50122040524721;0.78125;0.390625;96.09375;2.74365983147207
"73";3.90625;2.51136738567525;0.78125;0;95.3125;2.51136738567525
"74";3.90625;2.51136738567525;0.78125;0;95.3125;2.51136738567525
"75";3.90625;2.51136738567525;0.78125;0;95.3125;2.51136738567525
"76";3.90625;2.51136738567525;0.78125;0;95.3125;2.51136738567525
"77";3.90625;2.51136738567525;0.78125;0;95.3125;2.51136738567525
"78";3.90625;2.51136738567525;0.78125;0.451054897804395;95.3125;2.95776476343764
"79";4.6875;0.55242717280199;0.78125;0;93.75;0.55242717280199
"80";4.6875;0.55242717280199;0.78125;0;93.75;0.55242717280199
"81";4.6875;0.55242717280199;0.78125;0;93.75;0.55242717280199
"82";4.6875;0.55242717280199;0;0.55242717280199;94.53125;0
"83";4.6875;NA;0.78125;NA;94.53125;NA
"84";4.6875;NA;0.78125;NA;94.53125;NA
"85";4.6875;NA;0.78125;NA;94.53125;NA
"86";4.6875;NA;0.78125;NA;94.53125;NA
"87";4.6875;NA;0.78125;NA;94.53125;NA
"88";4.6875;NA;0.78125;NA;94.53125;NA
