"allS";"sdAllS";"allI";"sdAllI";"allR";"sdAllR"
"1";100;0;0;0;0;0
"2";100;0;0;0;0;0
"3";98.5714285714286;0;1.42857142857143;0;0;0
"4";94.2857142857143;3.01357472996128;5.71428571428571;3.12640945658523;0;0.523353640760748
"5";81.4285714285714;9.26139093097627;17.1428571428571;9.2128430414586;0;0.699086407042276
"6";52.8571428571429;17.7491471179796;44.2857142857143;17.2826381405038;1.42857142857143;1.68871912639803
"7";24.2857142857143;20.682630726014;70;18.9718260217449;4.28571428571429;3.07793505625546
"8";11.4285714285714;19.8301054638337;80;17.9979411640313;8.57142857142857;4.96767207484344
"9";5.71428571428571;16.8666661005987;77.1428571428572;14.0154893599136;15.7142857142857;5.74194434072902
"10";4.28571428571429;10.6239297811922;72.8571428571428;7.76397254004533;22.8571428571429;6.80557047378721
"11";1.42857142857143;3.51382110749967;70;4.66435163282877;28.5714285714286;5.91925620200396
"12";1.42857142857143;1.08450664930893;65.7142857142857;6.21620832759593;32.8571428571429;6.08037818937985
"13";0;1.08697987178955;61.4285714285714;7.18446527957255;37.1428571428571;7.04862656213675
"14";0;1.08450664930893;55.7142857142857;7.92384537055705;42.8571428571429;7.86021812681265
"15";0;1.08450664930893;51.4285714285714;7.67037068635965;47.1428571428571;7.75012560100571
"16";0;1.08450664930893;47.1428571428571;7.27656804647003;51.4285714285714;7.36350918070658
"17";0;0.854632916594456;42.8571428571429;6.51982023171809;55.7142857142857;6.59190989374559
"18";0;0.816057957967828;40;5.54059329011295;58.5714285714286;5.7217995711992
"19";0;0.816057957967828;37.1428571428571;5.43045080249949;61.4285714285714;5.50900054485588
"20";0;0.816057957967828;34.2857142857143;5.21091146359424;65.7142857142857;5.32307463061466
"21";0;0.816057957967828;31.4285714285714;4.76966785756996;67.1428571428571;4.96172244095693
"22";0;0.816057957967828;28.5714285714286;5.01126550432994;70;5.19439506241553
"23";0;0.816057957967828;25.7142857142857;4.8478460341459;72.8571428571428;5.01555046920375
"24";0;0.816057957967828;24.2857142857143;4.48113362211005;74.2857142857143;4.73293191038215
"25";0;0.816057957967828;22.8571428571429;4.28007147314766;77.1428571428572;4.48113362211005
"26";0;0.816057957967828;20;3.87783367164741;78.5714285714286;4.14816874948709
"27";0;0.816057957967828;18.5714285714286;3.38696560106745;81.4285714285714;3.6465777844619
"28";0;0.785885148885972;15.7142857142857;2.98941922160341;82.8571428571429;3.12555043487467
"29";0;0.785885148885972;14.2857142857143;2.52165700045168;84.2857142857143;2.60029742990158
"30";0;0.785885148885972;12.8571428571429;3.15292304662138;85.7142857142857;3.19101854515634
"31";0;0.785885148885972;11.4285714285714;3.05692501507611;87.1428571428571;3.07007314033448
"32";0;0.785885148885972;11.4285714285714;2.83733737000647;87.1428571428571;2.8796109058084
"33";0;0.785885148885972;10;2.66657715567637;88.5714285714286;2.60029742990158
"34";0;0.785885148885972;10;2.96416115328474;88.5714285714286;2.90467973095486
"35";0;0.785885148885972;10;3.02069482194146;90;2.91667306019452
"36";0;0.785885148885972;8.57142857142857;2.85338098209844;90;2.67361697184497
"37";0;0.785885148885972;8.57142857142857;2.61676820380374;91.4285714285714;2.45255735793986
"38";0;0.785885148885972;7.14285714285714;2.41281932599451;91.4285714285714;2.29298655152107
"39";0;0.785885148885972;7.14285714285714;2.43497607493369;91.4285714285714;2.2456545937082
"40";0;0.785885148885972;5.71428571428571;2.51739384102003;92.8571428571429;2.40278213252253
"41";0;0.785885148885972;5.71428571428571;2.18750479514589;92.8571428571429;2.09341456304299
"42";0;0.785885148885972;5.71428571428571;2.42059725787976;92.8571428571429;2.26589148725366
"43";0;0.764719112901872;5.71428571428571;1.98153548387388;94.2857142857143;2.05253824214547
"44";0;0.764719112901872;4.28571428571429;2.04087599865023;94.2857142857143;2.13238879913842
"45";0;0.764719112901872;4.28571428571429;2.13238879913842;94.2857142857143;2.20123759524276
"46";0;0.764719112901872;4.28571428571429;2.0756661635908;94.2857142857143;2.21205455274348
"47";0;0.764719112901872;4.28571428571429;2.1767029115392;94.2857142857143;2.27849737860992
"48";0;0.734993936325038;4.28571428571429;1.82062055272705;95.7142857142857;2.1295885499998
"49";0;0.734993936325038;4.28571428571429;1.8478904764673;95.7142857142857;2.06761779608167
"50";0;0.734993936325038;2.85714285714286;2.08688173202957;95.7142857142857;2.20346895678399
"51";0;0.777008041527653;2.85714285714286;1.78571428571429;95.7142857142857;1.88080168172681
"52";0;0.800874157973411;2.85714285714286;1.86001870477653;95.7142857142857;1.84427778390829
"53";0;0.827048890745485;2.85714285714286;1.72380923470108;95.7142857142857;1.7205536902757
"54";0;0.827048890745485;2.85714285714286;1.4824986333222;95.7142857142857;1.50128897298261
"55";0;0.827048890745485;2.85714285714286;1.60244822785086;97.1428571428571;1.68099544404158
"56";0;0.827048890745485;2.85714285714286;1.60244822785086;97.1428571428571;1.68099544404158
"57";0;0.827048890745485;2.85714285714286;1.42070045171099;97.1428571428571;1.53087386565791
"58";0;0.827048890745485;2.85714285714286;1.55989775456905;97.1428571428571;1.7205536902757
"59";0;0.887973657868659;2.85714285714286;0.963142660661774;97.1428571428571;1.23717914826348
"60";0;0.887973657868659;1.42857142857143;1.11214134880218;97.1428571428571;1.42314988556517
"61";0;0.923813986689805;1.42857142857143;0.77051412852942;97.1428571428571;1.15577119279413
"62";0;0.96421222530079;1.42857142857143;0.451753951452626;97.1428571428571;0.998865569685859
"63";0;0.96421222530079;1.42857142857143;0.451753951452626;97.1428571428571;0.998865569685859
"64";0;0.96421222530079;1.42857142857143;0.903507902905251;97.1428571428571;1.42061275144536
"65";0;1.12399398924206;1.42857142857143;0.539949247156039;97.1428571428571;1.12399398924206
"66";0;1.12399398924206;1.42857142857143;0;97.1428571428571;1.12399398924206
"67";0;1.12399398924206;1.42857142857143;0.539949247156039;97.1428571428571;1.07989849431208
"68";0;1.16642368703961;1.42857142857143;0;97.1428571428571;1.16642368703961
"69";0;1.16642368703961;1.42857142857143;0;97.1428571428571;1.16642368703961
"70";0;1.16642368703961;1.42857142857143;0.583211843519804;97.1428571428571;1.40456011464311
"71";0;1.27775312999988;1.42857142857143;0.63887656499994;97.1428571428571;0.63887656499994
"72";0;0;1.42857142857143;0;98.5714285714286;0
"73";0;0;1.42857142857143;0.714285714285714;98.5714285714286;0.714285714285714
"74";0;0;1.42857142857143;0;98.5714285714286;0
"75";0;0;1.42857142857143;0.824786098842322;98.5714285714286;0.824786098842322
"76";0;0;1.42857142857143;0;98.5714285714286;0
"77";0;0;1.42857142857143;0;98.5714285714286;0
"78";0;0;0;1.01015254455221;98.5714285714286;1.01015254455221
"79";0;NA;1.42857142857143;NA;98.5714285714286;NA
"80";0;NA;1.42857142857143;NA;98.5714285714286;NA
"81";0;NA;1.42857142857143;NA;98.5714285714286;NA
