"allS";"sdAllS";"allI";"sdAllI";"allR";"sdAllR"
"1";100;0;0;0;0;0
"2";100;0;0;0;0;0
"3";98.5714285714286;0;1.42857142857143;0;0;0
"4";94.2857142857143;3.84654629081036;5.71428571428571;3.96751037310395;0;0.439705008036495
"5";78.5714285714286;14.0313826563215;20;13.8309185232422;0;1.17254668809732
"6";48.5714285714286;22.3172853297572;48.5714285714286;20.6202167906667;2.85714285714286;2.4786954747837
"7";20;17.9514801366836;71.4285714285714;15.3414415275027;8.57142857142857;4.63257971806784
"8";5.71428571428571;10.5131496607569;78.5714285714286;8.87767448091244;14.2857142857143;5.80519786348035
"9";1.42857142857143;3.15972914854406;74.2857142857143;5.99677679267634;22.8571428571429;6.7877915300979
"10";1.42857142857143;1.07705290703579;68.5714285714286;7.74007107992131;30;7.71783544060718
"11";0;0.86710996952412;61.4285714285714;8.14872496665397;37.1428571428571;8.15531299017865
"12";0;0.854632916594456;55.7142857142857;9.18832678386023;42.8571428571429;9.02794325405827
"13";0;0.854632916594456;50;8.87767448091244;48.5714285714286;8.79745837722653
"14";0;0.854632916594456;44.2857142857143;7.96440793594475;54.2857142857143;7.90484494324836
"15";0;0.838775640874857;41.4285714285714;7.63844648221444;57.1428571428571;7.63387498332332
"16";0;0.838775640874857;35.7142857142857;6.89650357403837;62.8571428571429;6.96585195420528
"17";0;0.838775640874857;32.8571428571429;7.47929472771732;67.1428571428571;7.6226103825421
"18";0;0.838775640874857;30;7.01808313359369;68.5714285714286;7.08396776923298
"19";0;0.838775640874857;27.1428571428571;6.98740619454778;72.8571428571428;7.05966592138677
"20";0;0.816057957967828;24.2857142857143;6.15935884620697;74.2857142857143;6.30243844852309
"21";0;0.816057957967828;21.4285714285714;5.06456699856183;77.1428571428572;5.26627190369952
"22";0;0.586273344048659;20;5.77923613935766;80;5.95137836167949
"23";0;0.586273344048659;17.1428571428571;3.91847643510876;81.4285714285714;4.02129134770349
"24";0;0.586273344048659;15.7142857142857;3.90268298469845;82.8571428571429;4.01126234044967
"25";0;0.586273344048659;14.2857142857143;3.67591516623341;84.2857142857143;3.76255506577459
"26";0;0.586273344048659;12.8571428571429;4.01393919249297;85.7142857142857;4.1091446576387
"27";0;0.586273344048659;11.4285714285714;3.46534167303147;87.1428571428571;3.52678868849213
"28";0;0.586273344048659;10;3.6465777844619;88.5714285714286;3.71081387768253
"29";0;0.586273344048659;8.57142857142857;3.75111870173426;90;3.82484388173639
"30";0;0.586273344048659;8.57142857142857;3.66347548532523;90;3.77324517652792
"31";0;0.586273344048659;7.14285714285714;3.45603039331028;91.4285714285714;3.57218037199925
"32";0;0.523353640760748;7.14285714285714;3.49620017763032;91.4285714285714;3.63403768009706
"33";0;0.523353640760748;5.71428571428571;2.77610643118978;92.8571428571429;2.87214108542877
"34";0;0.523353640760748;5.71428571428571;2.31280933135923;92.8571428571429;2.42945583188864
"35";0;0.523353640760748;5.71428571428571;2.19363398842833;94.2857142857143;2.31164799092379
"36";0;0.523353640760748;4.28571428571429;2.04146069311822;94.2857142857143;2.1973032979152
"37";0;0.523353640760748;4.28571428571429;1.99892559755878;94.2857142857143;2.13783873516514
"38";0;0.523353640760748;4.28571428571429;1.98138490554744;95.7142857142857;2.12397697621437
"39";0;0.523353640760748;2.85714285714286;1.76339434424607;95.7142857142857;1.87699052951939
"40";0;0.450431096631865;2.85714285714286;1.22140280010137;95.7142857142857;1.50980405832873
"41";0;0.450431096631865;2.85714285714286;1.28334507413455;97.1428571428571;1.54109866061586
"42";0;0.450431096631865;2.85714285714286;1.39475429353148;97.1428571428571;1.64232129578004
"43";0;0.461972619116825;2.85714285714286;1.15493154779206;97.1428571428571;1.28607734266095
"44";0;0.461972619116825;1.42857142857143;1.29640744710433;97.1428571428571;1.48802520843624
"45";0;0.502665393249283;1.42857142857143;1.05255485373287;97.1428571428571;1.30782202347732
"46";0;0.518766456573259;1.42857142857143;0.923151675226949;97.1428571428571;1.21661518178949
"47";0;0.518766456573259;1.42857142857143;0.904748133966644;97.1428571428571;1.22121487752159
"48";0;0.518766456573259;1.42857142857143;0.827048890745485;97.1428571428571;1.06420906238356
"49";0;0.536476868713436;1.42857142857143;0.915018021743355;97.1428571428571;1.03573007440283
"50";0;0.577885596397065;1.42857142857143;0.577885596397065;97.1428571428571;0.720749970156447
"51";0;0.577885596397065;1.42857142857143;0.430730492253948;97.1428571428571;0.667284809281305
"52";0;0.577885596397065;1.42857142857143;0.63887656499994;97.1428571428571;0.861460984507896
"53";0;0.602338601936834;1.42857142857143;0;97.1428571428571;0.602338601936834
"54";0;0.602338601936834;1.42857142857143;0.451753951452626;97.1428571428571;0.451753951452626
"55";0;0.476190476190476;1.42857142857143;0.476190476190476;98.5714285714286;0.714285714285714
"56";0;0.505076272276105;1.42857142857143;0.739355956438237;98.5714285714286;0.661300071266108
"57";0;0;1.42857142857143;0;98.5714285714286;0
"58";0;0;1.42857142857143;0.63887656499994;98.5714285714286;0.63887656499994
"59";0;0;1.42857142857143;0.714285714285714;98.5714285714286;0.714285714285714
"60";0;0;1.42857142857143;0;98.5714285714286;0
"61";0;0;1.42857142857143;0;98.5714285714286;0
"62";0;0;1.42857142857143;0;98.5714285714286;0
"63";0;0;1.42857142857143;0;98.5714285714286;0
"64";0;0;1.42857142857143;0.824786098842322;98.5714285714286;0.824786098842322
"65";0;0;1.42857142857143;0;98.5714285714286;0
"66";0;0;0;1.01015254455221;98.5714285714286;1.01015254455221
"67";0;NA;1.42857142857143;NA;98.5714285714286;NA
"68";0;NA;1.42857142857143;NA;98.5714285714286;NA
"69";0;NA;1.42857142857143;NA;98.5714285714286;NA
"70";0;NA;1.42857142857143;NA;98.5714285714286;NA
