"allS";"sdAllS";"allI";"sdAllI";"allR";"sdAllR"
"1";100;0;0;0;0;0
"2";100;0;0;0;0;0
"3";99.0697674418605;0;0.930232558139535;0;0;0
"4";98.1395348837209;0.722133476871479;1.86046511627907;0.722133476871479;0;0.190879693411191
"5";95.8139534883721;2.0630245120903;3.72093023255814;2.0608157057695;0;0.233778925558156
"6";92.5581395348837;3.70705798430212;6.97674418604651;3.50863150023083;0.465116279069767;0.333186232284362
"7";86.9767441860465;6.27344596061636;11.6279069767442;6.01744259958959;0.930232558139535;0.696040518425861
"8";80;9.1604853296518;17.6744186046512;8.53253046710305;1.86046511627907;1.36732361956424
"9";73.0232558139535;12.0006594184669;23.2558139534884;10.9333832277721;3.72093023255814;1.89367543702291
"10";66.5116279069767;14.9203191406438;27.4418604651163;13.148895616063;6.04651162790698;2.3547739363855
"11";61.8604651162791;16.7062503760776;28.8372093023256;14.0295560199405;8.83720930232558;3.08744585069274
"12";59.0697674418605;17.6139369724151;28.8372093023256;13.7093908284045;11.6279069767442;4.57738300464537
"13";56.7441860465116;18.2339288321478;28.3720930232558;13.1149725470621;14.8837209302326;5.80145535476213
"14";54.8837209302326;18.8343228820503;27.4418604651163;13.0812443891738;17.6744186046512;6.45768000431382
"15";53.953488372093;19.1959137862369;25.5813953488372;12.0082472394943;20.4651162790698;7.82315713730726
"16";53.0232558139535;19.4706643902305;23.7209302325581;11.1669718811575;23.2558139534884;8.7966601760261
"17";52.5581395348837;19.7675714590035;21.8604651162791;10.3325205216715;25.5813953488372;10.0305814588094
"18";52.093023255814;20.0479911531198;20;9.53739107850994;27.906976744186;11.1172827988489
"19";52.093023255814;20.1315872728815;18.1395348837209;8.74001176439374;29.3023255813954;11.9999003724765
"20";51.6279069767442;20.2052461304863;16.7441860465116;8.16708051048758;31.6279069767442;12.7551302523943
"21";51.6279069767442;20.2677137979455;15.3488372093023;7.79673307936613;32.5581395348837;13.2479952891289
"22";51.6279069767442;20.3364571537822;13.953488372093;7.21545913119466;34.4186046511628;13.8736188231973
"23";51.6279069767442;20.3562812053039;12.5581395348837;6.45525519717838;35.8139534883721;14.5460471206094
"24";51.6279069767442;20.379410499834;11.6279069767442;5.88770843249664;36.7441860465116;15.1311291335632
"25";51.6279069767442;20.3980206453899;10.6976744186047;5.33652993118844;37.6744186046512;15.7789229691125
"26";51.6279069767442;20.3980206453899;9.30232558139535;4.65458870156728;38.6046511627907;16.3635506812222
"27";51.6279069767442;20.3980206453899;8.37209302325581;4.19521639449315;39.5348837209302;16.7872932124649
"28";51.6279069767442;20.3980206453899;7.90697674418605;3.87649119289271;40.4651162790698;16.954278322678
"29";51.6279069767442;20.3980206453899;6.97674418604651;3.3617153442961;40.9302325581395;17.450931953491
"30";51.6279069767442;20.3980206453899;6.51162790697674;3.21844262757159;41.8604651162791;17.7589135363393
"31";51.6279069767442;20.3980206453899;5.58139534883721;2.82476150517674;42.3255813953488;18.0912013380405
"32";51.6279069767442;20.3980206453899;5.11627906976744;2.58426626993778;42.7906976744186;18.3881373321532
"33";51.6279069767442;20.3980206453899;4.65116279069767;2.41103702620165;43.2558139534884;18.6115501284536
"34";51.6279069767442;20.3980206453899;4.18604651162791;2.2243576442408;43.7209302325581;18.7978190996567
"35";51.6279069767442;20.3980206453899;3.72093023255814;1.98712086724432;44.1860465116279;19.0531019514929
"36";51.6279069767442;20.3980206453899;3.25581395348837;1.68225420808847;44.6511627906977;19.2123961340124
"37";51.6279069767442;20.3980206453899;3.25581395348837;1.653755269936;45.1162790697674;19.2722923360403
"38";51.6279069767442;20.3980206453899;2.7906976744186;1.50355626746462;45.5813953488372;19.3135889038621
"39";51.6279069767442;20.3980206453899;2.7906976744186;1.60057488746904;45.5813953488372;19.3339906320577
"40";49.7674418604651;19.366490706966;2.32558139534884;1.3015287725814;47.906976744186;18.6581916942839
"41";49.7674418604651;19.366490706966;1.86046511627907;1.35440168687865;47.906976744186;18.6893218138071
"42";47.906976744186;17.9352124389395;1.86046511627907;1.26178401127762;49.7674418604651;17.3414447443764
"43";45.5813953488372;16.0203200271254;1.86046511627907;1.24663514915689;52.093023255814;15.5005354358307
"44";44.1860465116279;15.2081584568553;1.86046511627907;1.11652129154956;53.953488372093;14.8835998057087
"45";44.1860465116279;15.2081584568553;1.86046511627907;1.05892721342817;53.953488372093;14.9434062482777
"46";44.1860465116279;15.2081584568553;1.3953488372093;1.085824886505;53.953488372093;14.9301299230938
"47";44.1860465116279;15.2081584568553;1.3953488372093;1.01724804355499;53.953488372093;15.025697595982
"48";44.1860465116279;15.2081584568553;1.3953488372093;1.0029701698999;54.4186046511628;15.0996629009515
"49";44.1860465116279;15.2081584568553;0.930232558139535;0.898690030771438;54.4186046511628;15.0896306551252
"50";41.8604651162791;12.0459087318187;0.930232558139535;0.876640047159381;56.7441860465116;12.0808354973633
"51";41.8604651162791;12.0459087318187;0.930232558139535;0.875464137780763;56.7441860465116;12.1073260677388
"52";41.8604651162791;12.0459087318187;0.930232558139535;0.795309331782305;57.2093023255814;11.9488811352896
"53";42.3255813953488;12.1881883319376;0.930232558139535;0.71741391210436;56.2790697674419;12.009630093061
"54";42.3255813953488;12.1881883319376;0.930232558139535;0.710755634304798;56.2790697674419;12.0135884092974
"55";42.7906976744186;12.5287316618902;0.930232558139535;0.768606477958527;55.8139534883721;12.2403982575262
"56";40;11.1460409924246;0.930232558139535;0.639582931118445;58.6046511627907;11.032716433377
"57";40;11.1460409924246;0.930232558139535;0.627162662756504;58.6046511627907;11.0651117468112
"58";40.4651162790698;11.7019862494604;0.930232558139535;0.598457645445544;58.6046511627907;11.5875267851503
"59";40.4651162790698;11.7019862494604;0.930232558139535;0.588330727473187;58.6046511627907;11.6000700386829
"60";40;12.4450425961428;0.930232558139535;0.48144108791327;59.0697674418605;12.4406960674748
"61";40.9302325581395;13.1492089946541;0.930232558139535;0.351594858613235;58.1395348837209;13.1413722879597
"62";40.9302325581395;13.1492089946541;0.465116279069767;0.453907010673736;58.1395348837209;13.2086160194802
"63";41.8604651162791;14.1617532492571;0.930232558139535;0.379765851594291;57.2093023255814;14.1648080945019
"64";41.8604651162791;14.1617532492571;0.465116279069767;0.240185013718289;57.6744186046512;14.2662619629253
"65";41.8604651162791;14.1617532492571;0.465116279069767;0.294165363736593;57.6744186046512;14.1678622810672
"66";43.7209302325581;14.9323334028716;0.465116279069767;0;55.8139534883721;14.9323334028716
"67";43.7209302325581;14.9323334028716;0.465116279069767;0;55.8139534883721;14.9323334028716
"68";43.7209302325581;14.9323334028716;0.465116279069767;0;55.8139534883721;14.9323334028716
"69";43.7209302325581;14.9323334028716;0.465116279069767;0.208006323488353;55.8139534883721;15.019727427836
"70";46.5116279069767;15.6920747979882;0.465116279069767;0;53.0232558139535;15.6920747979882
"71";46.5116279069767;15.6920747979882;0.465116279069767;0.232558139534884;53.0232558139535;15.493795172288
"72";39.5348837209302;9.97924653752192;0.465116279069767;0;59.5348837209302;9.97924653752192
"73";39.5348837209302;9.97924653752192;0.465116279069767;0;59.5348837209302;9.97924653752192
"74";39.5348837209302;9.97924653752192;0.465116279069767;0.268535008925407;60;10.0942020531213
"75";41.8604651162791;12.826588123849;0.465116279069767;0;57.2093023255814;12.826588123849
"76";41.8604651162791;12.826588123849;0;0.328886874970487;57.6744186046512;13.1554749988195
"77";51.1627906976744;NA;0.465116279069767;NA;48.3720930232558;NA
"78";51.1627906976744;NA;0.465116279069767;NA;48.3720930232558;NA
"79";51.1627906976744;NA;0.465116279069767;NA;48.3720930232558;NA
"80";51.1627906976744;NA;0.465116279069767;NA;48.3720930232558;NA
"81";51.1627906976744;NA;0.465116279069767;NA;48.3720930232558;NA
"82";51.1627906976744;NA;0.465116279069767;NA;48.3720930232558;NA
"83";51.1627906976744;NA;0.465116279069767;NA;48.3720930232558;NA
"84";51.1627906976744;NA;0.465116279069767;NA;48.3720930232558;NA
